 iter iteTime iteTimeAvg
            1   4.8818963000000000E-002   4.8818963000000000E-002
           11   3.0130237000000060E-002   3.2152604451700879E-002
           21   2.7125830000000017E-002   2.9912704738622765E-002
           31   2.7165263000000106E-002   2.9029688320422836E-002
           41   2.7086758999999905E-002   2.8569497517336295E-002
           51   2.7071983999999993E-002   2.8279656625909415E-002
           61   2.7178522999999899E-002   2.8088298047753257E-002
           71   2.7092649000000080E-002   2.7982658300600437E-002
           81   2.7051586000000238E-002   2.7946566336103738E-002
           91   3.0009458000000322E-002   2.8112109420961040E-002
          101   2.9994782999999803E-002   2.8301793254518256E-002
          111   2.7241404999999830E-002   2.8358087055103190E-002
          121   2.7202176999999939E-002   2.8266575933989953E-002
          131   2.7214289999999419E-002   2.8233158764131676E-002
          141   2.7250668000000644E-002   2.8225687644509286E-002
          151   2.7205857000000222E-002   2.8166845639337919E-002
          161   2.7178015000000499E-002   2.8101467953432824E-002
          171   3.0070115000000008E-002   2.8129971057293323E-002
          181   2.7076910999999981E-002   2.8156340514578368E-002
          191   2.7123245000000296E-002   2.8161360957157860E-002
          201   3.0015765000000805E-002   2.8151292609366389E-002
          211   3.0048758000000397E-002   2.8132744356806110E-002
          221   2.7104610000000307E-002   2.8147711371397495E-002
          231   2.7134046000000467E-002   2.8103364542368833E-002
          241   2.7034735999999171E-002   2.8097309845412175E-002
          251   2.7037095999999927E-002   2.8057000998927360E-002
          261   2.7060813000000294E-002   2.8019089951581110E-002
          271   2.7080637000000074E-002   2.8006510759513225E-002
          281   2.7064651999999967E-002   2.7973256447758152E-002
          291   2.7067711999999133E-002   2.8003178720513455E-002
          301   2.7122380999999862E-002   2.7992370631769809E-002
          311   2.7119177000001216E-002   2.7963154866967373E-002
          321   2.7055054999999939E-002   2.7935173813102409E-002
          331   2.7070910999999143E-002   2.7909146870684395E-002
          341   3.0115248999999622E-002   2.7894062798174343E-002
          351   2.7081136999999700E-002   2.7887879630012286E-002
          361   2.7182717000000522E-002   2.7875152844389600E-002
          371   2.7076472999999268E-002   2.7854586794277197E-002
          381   2.7197917000000515E-002   2.7835530382646682E-002
          391   2.7391478000000191E-002   2.7823987111236997E-002
          401   3.0061886999998677E-002   2.7881182873798493E-002
          411   2.7106169999999707E-002   2.7869726627594689E-002
          421   2.7102117000000092E-002   2.7851225621053119E-002
          431   2.7068164000001005E-002   2.7833746971700692E-002
          441   2.7070546999999223E-002   2.7816685169123216E-002
          451   2.7074929999999497E-002   2.7800639483747041E-002
          461   3.0201817000000020E-002   2.7798975798309453E-002
          471   3.0245409999999140E-002   2.7819223915423571E-002
          481   2.7141857000000158E-002   2.7832115553755248E-002
          491   2.7214911999999813E-002   2.7842744287943883E-002
          501   2.7091598000000161E-002   2.7840794848538242E-002
          511   3.0237391000000002E-002   2.7835819038399604E-002
          521   2.7131061000000400E-002   2.7841035922419825E-002
          531   2.7060570000001505E-002   2.7838105381459213E-002
          541   2.7088158999999834E-002   2.7846155326161536E-002
          551   2.7116309000000172E-002   2.7832866065374887E-002
          561   3.0065976999999577E-002   2.7835956058460634E-002
          571   2.7116885999998175E-002   2.7828591574728331E-002
          581   2.7113280999998324E-002   2.7826277820613185E-002
          591   2.7068646000000030E-002   2.7814095453816145E-002
          601   2.7073030000000387E-002   2.7801854990803839E-002
          611   3.0072260000000739E-002   2.7809474673572938E-002
          621   2.7068224000000640E-002   2.7821492622284796E-002
          631   2.7161455000001666E-002   2.7819808504668440E-002
          641   2.7177655999999217E-002   2.7810686787580745E-002
          651   2.7342572999998538E-002   2.7806601339631011E-002
          661   2.7193334999999763E-002   2.7802700515921007E-002
          671   3.0166999000002193E-002   2.7804418589358067E-002
          681   2.7212070000000921E-002   2.7803033705417032E-002
          691   2.7084154000000638E-002   2.7806345810021938E-002
          701   2.7064637999998808E-002   2.7821430509100988E-002
          711   3.0017982999996917E-002   2.7844279534484977E-002
          721   2.9976092999998372E-002   2.7850216203408155E-002
          731   2.7052448999999257E-002   2.7855795448336697E-002
          741   2.7081589000001571E-002   2.7873187571985123E-002
          751   3.0005409999997568E-002   2.7894377858307076E-002
          761   3.0027568000001281E-002   2.7922477731707532E-002
          771   3.0019724999998942E-002   2.7942234022975510E-002
          781   2.7119671999997763E-002   2.7954572971318495E-002
          791   2.7207859000000667E-002   2.7948249858846273E-002
          801   2.7097762000000358E-002   2.7938480603394423E-002
          811   2.7104575000002740E-002   2.7929601054710831E-002
          821   2.7151227000000944E-002   2.7941336143795514E-002
          831   3.0090745999999058E-002   2.7966824652753255E-002
          841   3.0040417000002151E-002   2.7988106239167716E-002
          851   2.7123905999999920E-002   2.7984673026426456E-002
          861   2.7123084999999492E-002   2.7974571100405677E-002
          871   2.7106605000000172E-002   2.7968285730318988E-002
          881   3.0011637999997731E-002   2.7975037122172374E-002
          891   3.0163702999999487E-002   2.7988901356902341E-002
          901   3.0077132999998923E-002   2.7992334480175778E-002
          911   2.7559775000000286E-002   2.7983705397948432E-002
          921   2.7099829000000852E-002   2.7983668228442071E-002
          931   3.0398293999997605E-002   2.7983303880504677E-002
          941   3.0294472000001349E-002   2.7979645797737592E-002
          951   3.0209292999998638E-002   2.7997068799858110E-002
          961   3.0269666000002360E-002   2.8010438675976631E-002
          971   2.7133765000002086E-002   2.8004919221579151E-002
          981   3.0048245999999779E-002   2.8002225766295061E-002
          991   3.0033150000001285E-002   2.8022970813597007E-002
         1001   2.7085790999997528E-002   2.8034508221526890E-002
         1011   2.7135565000001804E-002   2.8052149033457204E-002
         1021   2.7077478999999016E-002   2.8045564155967369E-002
         1031   2.7096020999998416E-002   2.8039103474992871E-002
         1041   3.0020070000002619E-002   2.8046888247503260E-002
         1051   3.0011388000001915E-002   2.8060094923874630E-002
         1061   2.7081553000002145E-002   2.8059138959207822E-002
         1071   2.7044306000000518E-002   2.8050011741466825E-002
         1081   2.7156091999998466E-002   2.8041169921533680E-002
         1091   3.0008462999997931E-002   2.8043214882255297E-002
         1101   2.7064976000001906E-002   2.8055851543195957E-002
         1111   2.7048161999999820E-002   2.8070869958287895E-002
         1121   2.7084930999997425E-002   2.8069869556759015E-002
         1131   2.7070926999996914E-002   2.8061056254436348E-002
         1141   2.7134085000000141E-002   2.8049740781458134E-002
         1151   2.7050379000002067E-002   2.8041289837989928E-002
         1161   3.0014921000002914E-002   2.8043441607963685E-002
         1171   3.0035544999996944E-002   2.8055515151634298E-002
         1181   2.7075851999995848E-002   2.8060196478381583E-002
         1191   2.7079738000004738E-002   2.8052137756276532E-002
         1201   2.7070643000001837E-002   2.8043957647870894E-002
         1211   2.7039098999999567E-002   2.8035980903064747E-002
         1221   2.7079411999999081E-002   2.8042897094471515E-002
         1231   3.0029843000001222E-002   2.8049571694794672E-002
         1241   2.7092850000002500E-002   2.8044295903861399E-002
         1251   2.7078012000004037E-002   2.8036699942091015E-002
         1261   2.7182631000002289E-002   2.8029448745757239E-002
         1271   2.7047226000000535E-002   2.8022610520856462E-002
         1281   2.7054993000000138E-002   2.8015306562309751E-002
         1291   2.7129812999994840E-002   2.8008274372851541E-002
         1301   2.7111669999996479E-002   2.8005882122244523E-002
         1311   2.7072355000001380E-002   2.7999261167511561E-002
         1321   2.7146015999996109E-002   2.7992378773053755E-002
         1331   3.0014000999997847E-002   2.7992348912085949E-002
         1341   3.0024323999995772E-002   2.8003082332088331E-002
         1351   3.0030993000004003E-002   2.8005036664770073E-002
         1361   2.7102043999995828E-002   2.7998434263900029E-002
         1371   2.7095901999999228E-002   2.7991775763570204E-002
         1381   3.0100873000002082E-002   2.7995904427637417E-002
         1391   3.0038726999997323E-002   2.8000061040549466E-002
         1401   2.9998786999996696E-002   2.8006264482015233E-002
         1411   2.7146279000000106E-002   2.8004291794084969E-002
         1421   2.7058023999998682E-002   2.7997794375101522E-002
         1431   2.7081985999998892E-002   2.7991485986206596E-002
         1441   3.0046157000001017E-002   2.7993462606681938E-002
         1451   3.0093657000001883E-002   2.8007745932638398E-002
         1461   3.0075861999996789E-002   2.8021829107489824E-002
         1471   2.7068300999999906E-002   2.8021368505036667E-002
         1481   2.7093613999994659E-002   2.8015032826321697E-002
         1491   2.7072506000003216E-002   2.8008848730598213E-002
         1501   3.0037575000001482E-002   2.8012644250931425E-002
         1511   3.0055368999995835E-002   2.8024148950555650E-002
         1521   3.0024740999998301E-002   2.8035449603900569E-002
         1531   2.7074538999997344E-002   2.8031398886305188E-002
         1541   2.7080101000002799E-002   2.8025364453001779E-002
         1551   2.7090430999997750E-002   2.8019662882811797E-002
         1561   3.0055457999999646E-002   2.8023254629859252E-002
         1571   2.7053907999999183E-002   2.8024819988593474E-002
         1581   3.0044812999996395E-002   2.8037543981511832E-002
         1591   2.7079591000003234E-002   2.8037064523246398E-002
         1601   2.7139175000002069E-002   2.8031281042335654E-002
         1611   2.7080839000007018E-002   2.8029073558175334E-002
         1621   2.7063866999995412E-002   2.8039642614718630E-002
         1631   2.7079940999996666E-002   2.8042975271242675E-002
         1641   2.7063607999998851E-002   2.8037156269774460E-002
         1651   2.7132862999998508E-002   2.8031562349277915E-002
         1661   3.0001362000000142E-002   2.8027686671541853E-002
         1671   2.7124606000000995E-002   2.8022165808249275E-002
         1681   3.0047776000003523E-002   2.8021930327587648E-002
         1691   2.7088153999997644E-002   2.8018335170683712E-002
         1701   2.7084205999997835E-002   2.8012903622506299E-002
         1711   2.7101285999997060E-002   2.8007637860678933E-002
         1721   2.7091112999997335E-002   2.8004094326956067E-002
         1731   3.0081854000002295E-002   2.8009268317593407E-002
         1741   3.0046775000002413E-002   2.8020995417465919E-002
         1751   2.7110819000000674E-002   2.8025860228241981E-002
         1761   2.7087940000001254E-002   2.8027305184195668E-002
         1771   2.7093514000000596E-002   2.8025356744195644E-002
         1781   3.0011916999995947E-002   2.8031782752613331E-002
         1791   3.0053793000000439E-002   2.8038127150027826E-002
         1801   3.0013644999996814E-002   2.8044355613794796E-002
         1811   3.0032302000002176E-002   2.8050870583089443E-002
         1821   2.7180903000001422E-002   2.8047320401935961E-002
         1831   2.7103779000000827E-002   2.8042245202883526E-002
         1841   2.7075955000000818E-002   2.8038681186487033E-002
         1851   2.7090123999997218E-002   2.8033563534435216E-002
         1861   2.7132303999998442E-002   2.8038064638242884E-002
         1871   2.7120767999996076E-002   2.8034648889242574E-002
         1881   2.7105312999999853E-002   2.8029725056770618E-002
         1891   2.7084254000001806E-002   2.8024823572721309E-002
         1901   3.0088735999996175E-002   2.8021576275817171E-002
         1911   2.7084984000005363E-002   2.8019832093810697E-002
         1921   2.7079057999998213E-002   2.8022754389140581E-002
         1931   3.0017847000003428E-002   2.8027135712286946E-002
         1941   3.0040321999997843E-002   2.8031471902175753E-002
         1951   2.7094314000002839E-002   2.8035780210070759E-002
         1961   3.0012800000001505E-002   2.8041575841325352E-002
         1971   2.7139559000005420E-002   2.8041321921147243E-002
         1981   2.7151670000002071E-002   2.8038000659315391E-002
         1991   2.7067313999999953E-002   2.8034871852389617E-002
         2001   2.7073363999996047E-002   2.8033148672926250E-002
         2011   2.7091983999994795E-002   2.8038988933323711E-002
         2021   3.0054907000000242E-002   2.8044620017866714E-002
         2031   3.0054051999997000E-002   2.8048668034349019E-002
         2041   2.7082282000002067E-002   2.8045571317771526E-002
         2051   3.0012321000000952E-002   2.8045207451651143E-002
         2061   2.7082421000002910E-002   2.8050632316130558E-002
         2071   2.7095340999998996E-002   2.8048886172246049E-002
         2081   3.0063141000006510E-002   2.8051473010499057E-002
         2091   3.0046634000001404E-002   2.8058261941924224E-002
         2101   3.0047177000000147E-002   2.8062198172965097E-002
         2111   2.7102426999995544E-002   2.8061756857408172E-002
         2121   2.7035396999998795E-002   2.8057219921540501E-002
         2131   2.7100425999996958E-002   2.8052623610414662E-002
         2141   2.7086119999999880E-002   2.8048105745999148E-002
         2151   3.0018241999997031E-002   2.8053325570370744E-002
         2161   3.0076026000003253E-002   2.8062677783779931E-002
         2171   2.7079360000001884E-002   2.8064928909580625E-002
         2181   2.7058775999996953E-002   2.8065927256431342E-002
         2191   3.0008586000001003E-002   2.8070851559879866E-002
         2201   3.0057645999995941E-002   2.8075855086639411E-002
         2211   3.0037493999998333E-002   2.8083464286677091E-002
         2221   2.9982482999997728E-002   2.8092280449356535E-002
         2231   3.0053367000007825E-002   2.8098312186483395E-002
         2241   2.7089837999994870E-002   2.8097902418525313E-002
         2251   2.7082917000001316E-002   2.8093424746456076E-002
         2261   3.0076991000001385E-002   2.8090348630731128E-002
         2271   3.0109699000007595E-002   2.8089863733764316E-002
         2281   3.0029088000006254E-002   2.8092002885098784E-002
         2291   3.0093346999990445E-002   2.8095413890691229E-002
         2301   2.7093144999994934E-002   2.8093833139011141E-002
         2311   2.7082275999987360E-002   2.8090753250757414E-002
         2321   2.7058360999987485E-002   2.8094078365861929E-002
         2331   3.0020935999999665E-002   2.8096260886411262E-002
         2341   3.0026728999999364E-002   2.8102058987494571E-002
         2351   3.0050587000005180E-002   2.8110549100281920E-002
         2361   3.0030306000000451E-002   2.8118702887221649E-002
         2371   3.0064530000004197E-002   2.8123098700357282E-002
         2381   3.0002875999997514E-002   2.8127490508820858E-002
         2391   2.7105736999999408E-002   2.8133079343249927E-002
         2401   2.7117052999997782E-002   2.8132403641575463E-002
         2411   2.7121104000002560E-002   2.8133063363449444E-002
         2421   3.0048601999993707E-002   2.8140985951868296E-002
         2431   3.0020499000002587E-002   2.8146381796312219E-002
         2441   3.0050748999997268E-002   2.8148141825468053E-002
         2451   3.0075683999996272E-002   2.8146300196151577E-002
         2461   2.7047822000000110E-002   2.8146791021212588E-002
         2471   2.7087880000010500E-002   2.8142520951482772E-002
         2481   3.0003591000010488E-002   2.8141913386684918E-002
         2491   3.0018623999993110E-002   2.8147195851216618E-002
         2501   3.0447292999994602E-002   2.8154911336739023E-002
         2511   3.0026855999992108E-002   2.8161243083898013E-002
         2521   2.7085714999998345E-002   2.8159350871068731E-002
         2531   2.7107401000009190E-002   2.8155164664451188E-002
         2541   3.0071407000008321E-002   2.8153311173259771E-002
         2551   3.0019525000000158E-002   2.8157317395805969E-002
         2561   3.0079393000008281E-002   2.8164725116565727E-002
         2571   3.0060169000009296E-002   2.8172112164163158E-002
         2581   2.7071041999988665E-002   2.8170168880114824E-002
         2591   2.7069399999987809E-002   2.8164911982240044E-002
         2601   2.7069583999988822E-002   2.8159587305769371E-002
         2611   3.0016003000000069E-002   2.8156610337784341E-002
         2621   3.0045504000000278E-002   2.8162672704556628E-002
         2631   3.0005720000005454E-002   2.8169780420632017E-002
         2641   3.0068173999993064E-002   2.8174646976425875E-002
         2651   2.7120697000000860E-002   2.8171700603010476E-002
         2661   2.7094183000002658E-002   2.8171038288181075E-002
         2671   3.0055351000001451E-002   2.8172491584762299E-002
         2681   3.0026164999995331E-002   2.8179598643701002E-002
         2691   3.0052636999997162E-002   2.8186563503336478E-002
         2701   2.7078455999998141E-002   2.8186857761309816E-002
         2711   2.7119837000000757E-002   2.8184939630921068E-002
         2721   2.7085865000003650E-002   2.8180881502810597E-002
         2731   2.7077441999992402E-002   2.8176919440515938E-002
         2741   2.7131977000010465E-002   2.8173010449751318E-002
         2751   2.7104291000000558E-002   2.8175451177464977E-002
         2761   3.0001505000001316E-002   2.8176845646707527E-002
         2771   2.7213579000004984E-002   2.8181449517825745E-002
         2781   3.0307131000000709E-002   2.8187526874551689E-002
         2791   3.0072691000000873E-002   2.8194456989786312E-002
         2801   2.7089696999993862E-002   2.8193820655013281E-002
         2811   3.0008010000003082E-002   2.8191048096519337E-002
         2821   3.0013456999995469E-002   2.8191330699394890E-002
         2831   3.0281751999993389E-002   2.8197130271761409E-002
         2841   3.0069779999990942E-002   2.8203021421896870E-002
         2851   3.0088322000011658E-002   2.8210016917234394E-002
         2861   2.7106738000000519E-002   2.8207398093221096E-002
         2871   2.7060108000000582E-002   2.8203577125626919E-002
         2881   2.7347864999995863E-002   2.8199890612731232E-002
         2891   2.7181090000013342E-002   2.8201586088456590E-002
         2901   3.0135581000010347E-002   2.8208100258845289E-002
         2911   3.0128204999996910E-002   2.8213830165920366E-002
         2921   2.7083982999997147E-002   2.8216207866679568E-002
         2931   2.7138769999993428E-002   2.8215472346844357E-002
         2941   3.0034561000007898E-002   2.8213678679716275E-002
         2951   3.0079674999996087E-002   2.8217861829834431E-002
         2961   3.0017716999992672E-002   2.8222036104018935E-002
         2971   3.0014590000007502E-002   2.8228152079879124E-002
         2981   2.7111376000007681E-002   2.8232305329083104E-002
         2991   2.7092500000009068E-002   2.8230505757610023E-002
         3001   2.7088630999998031E-002   2.8226703804897019E-002
         3011   2.7104686000001266E-002   2.8223376800531007E-002
         3021   2.7058861999989858E-002   2.8221715916661960E-002
         3031   3.0079530000008958E-002   2.8225829480891425E-002
         3041   3.0109467000002610E-002   2.8229912924583551E-002
         3051   3.0098726000005627E-002   2.8233375310835973E-002
         3061   3.0043358000000353E-002   2.8234595681122614E-002
         3071   3.0055426999993529E-002   2.8235729494014639E-002
         3081   3.0020700999997985E-002   2.8238185506033145E-002
         3091   2.7097569000005706E-002   2.8242161107966193E-002
         3101   3.0120130999989669E-002   2.8246149368064393E-002
         3111   3.0142592999993667E-002   2.8252220683828603E-002
         3121   3.0238796000006118E-002   2.8258787960075131E-002
         3131   2.7289267000000450E-002   2.8260986034880912E-002
         3141   2.7091121000012208E-002   2.8257412265588502E-002
         3151   2.7147094000000038E-002   2.8254348386780394E-002
         3161   2.7232214999997950E-002   2.8251003697495801E-002
         3171   2.7200596000000132E-002   2.8247896689807407E-002
         3181   2.7288811000005353E-002   2.8252264535285235E-002
         3191   2.7263271000009581E-002   2.8255089122176384E-002
         3201   2.7262691999993649E-002   2.8256710580438084E-002
         3211   2.7275299000010023E-002   2.8257327934988610E-002
         3221   3.0212571999996385E-002   2.8257408579629963E-002
         3231   3.0199590999998804E-002   2.8262602992748704E-002
         3241   3.0280783000009137E-002   2.8268702100031989E-002
         3251   3.0183311000001822E-002   2.8274719287411057E-002
         3261   3.0229671000000735E-002   2.8281024054805461E-002
         3271   2.7260898000008638E-002   2.8283313528655693E-002
         3281   2.7248259000003827E-002   2.8281116064653437E-002
         3291   2.7172092000000703E-002   2.8278338139623417E-002
         3301   2.7081688999999187E-002   2.8274756332469037E-002
         3311   2.7079516999990005E-002   2.8272156793313512E-002
         3321   2.7096567999990384E-002   2.8271327988865558E-002
         3331   2.7116211000006274E-002   2.8270878668365248E-002
         3341   2.7054917999990380E-002   2.8270910920969033E-002
         3351   2.7290125999996917E-002   2.8267826332755965E-002
         3361   3.0216881000001194E-002   2.8268635156081100E-002
         3371   3.0201603999998383E-002   2.8273691018632550E-002
         3381   3.0189289999995594E-002   2.8279578584190734E-002
         3391   3.0216472999995858E-002   2.8285536912450757E-002
         3401   3.0225084999997875E-002   2.8291310800460500E-002
         3411   2.7259430000000862E-002   2.8294386018875285E-002
         3421   2.7336125000005040E-002   2.8291440696836454E-002
         3431   2.7306641999999215E-002   2.8288803698160329E-002
         3441   2.7288400000003321E-002   2.8285846235244442E-002
         3451   2.7309068999997521E-002   2.8282936818097286E-002
         3461   2.7125178999995114E-002   2.8280158479613380E-002
         3471   2.7143209000001889E-002   2.8276762886504967E-002
         3481   2.7131427000000485E-002   2.8273400508660850E-002
         3491   3.0024997999987590E-002   2.8271697680750361E-002
         3501   3.0035179999998718E-002   2.8277112734279141E-002
         3511   3.0065374000002976E-002   2.8281351575610555E-002
         3521   3.0088274999997111E-002   2.8286434253701517E-002
         3531   3.0056153000003860E-002   2.8291775530832359E-002
         3541   3.0115811000001713E-002   2.8296703094613528E-002
         3551   2.7102047999989054E-002   2.8295827565177831E-002
         3561   2.7074818999992090E-002   2.8292498705334724E-002
         3571   2.7088993000006667E-002   2.8289456131273892E-002
         3581   2.7094517000008977E-002   2.8288559620435302E-002
         3591   2.7062618999991628E-002   2.8288558992946945E-002
         3601   2.7057712000001288E-002   2.8285541081568624E-002
         3611   3.0029662999993434E-002   2.8283833440258834E-002
         3621   2.7040017000004468E-002   2.8280470508218788E-002
         3631   2.7140117999991276E-002   2.8277185379923426E-002
         3641   3.0068001999993044E-002   2.8278317697103043E-002
         3651   3.0033994999996594E-002   2.8283139086369584E-002
         3661   3.0040612999997052E-002   2.8287908285443950E-002
         3671   3.0001544999990415E-002   2.8293036416606708E-002
         3681   3.0018751000000066E-002   2.8294551661564266E-002
         3691   2.7067930000001184E-002   2.8295215794247128E-002
         3701   2.7061836000001449E-002   2.8292735497376088E-002
         3711   2.7092907000010769E-002   2.8292951950334173E-002
         3721   2.7065637999996284E-002   2.8292964547427867E-002
         3731   2.7071861999999669E-002   2.8291288192460348E-002
         3741   2.7097471999994127E-002   2.8289995767147830E-002
         3751   2.7121626999999648E-002   2.8288445187146894E-002
         3761   2.7068057999997563E-002   2.8285295819075434E-002
         3771   2.7047814999988873E-002   2.8282061790674114E-002
         3781   3.0013371999999094E-002   2.8283904784449893E-002
         3791   3.0010212000007641E-002   2.8288573451435095E-002
         3801   3.0052635000004102E-002   2.8293206041710865E-002
         3811   3.0073489000002951E-002   2.8297352093578199E-002
         3821   3.0014269999995236E-002   2.8300460828191969E-002
         3831   2.9988117000002035E-002   2.8301880149291109E-002
         3841   2.7075651000004086E-002   2.8303316116134646E-002
         3851   2.7087339999994242E-002   2.8304335763335436E-002
         3861   2.9974408000001063E-002   2.8305002092038924E-002
         3871   2.7089564999997151E-002   2.8302603889537991E-002
         3881   2.7066478999998367E-002   2.8299767301828923E-002
         3891   2.7121214999993981E-002   2.8296725619093029E-002
         3901   2.7050463999998442E-002   2.8293810645483693E-002
         3911   2.7064487999993503E-002   2.8290684686346528E-002
         3921   2.7131003000008036E-002   2.8288010966873906E-002
         3931   3.0034057999998254E-002   2.8291670466528772E-002
         3941   3.0044476000000486E-002   2.8296107490898212E-002
         3951   3.0056259999994950E-002   2.8300873459081999E-002
         3961   3.0115371999997365E-002   2.8304525087859491E-002
         3971   2.9981125999995584E-002   2.8308862298806168E-002
         3981   3.0040495999998029E-002   2.8313192771284554E-002
         3991   3.0048170000000596E-002   2.8318042827548195E-002
         4001   3.0050619999997252E-002   2.8322369827396270E-002
         4011   2.7075991000003796E-002   2.8324020847160507E-002
         4021   2.7108022999996706E-002   2.8322535187442623E-002
         4031   2.7068067000001861E-002   2.8319465908527398E-002
         4041   2.7075498000002085E-002   2.8315667841994629E-002
         4051   2.7085772999996038E-002   2.8312257215017237E-002
         4061   2.7104824000005578E-002   2.8310742382316317E-002
         4071   3.0022551000001840E-002   2.8313064991992008E-002
         4081   3.0030944000003501E-002   2.8317557353277279E-002
         4091   2.9986058000005755E-002   2.8321028579492299E-002
         4101   3.0028473000001554E-002   2.8324435963590848E-002
         4111   2.9997714000003839E-002   2.8327848807215891E-002
         4121   3.0074575000000436E-002   2.8331615731483378E-002
         4131   3.0037390000003938E-002   2.8335732426617449E-002
         4141   3.0022625000000858E-002   2.8339070395405581E-002
         4151   3.0055692999994221E-002   2.8341373960428462E-002
         4161   2.7053440999992517E-002   2.8338366387533068E-002
         4171   2.7085396000003925E-002   2.8334615286380285E-002
         4181   2.7041262000011557E-002   2.8330868679613184E-002
         4191   2.7041913000005025E-002   2.8328182781858238E-002
         4201   2.7063736000002336E-002   2.8325879079156204E-002
         4211   3.0083078999993518E-002   2.8326445880647748E-002
         4221   2.9991874999993229E-002   2.8330097866928798E-002
         4231   3.0018488000010279E-002   2.8333443797333852E-002
         4241   3.0001599999991413E-002   2.8336116946695241E-002
         4251   3.0001425999998332E-002   2.8340482256506906E-002
         4261   3.0090747999992118E-002   2.8344484028070171E-002
         4271   3.0055662999998844E-002   2.8347062746031135E-002
         4281   3.0041983000003825E-002   2.8350962966024587E-002
         4291   3.0012239000001273E-002   2.8355178615362679E-002
         4301   2.7067915999992920E-002   2.8354255489634668E-002
         4311   2.7043895999995016E-002   2.8351272870338732E-002
         4321   2.7125185999992141E-002   2.8349004501851863E-002
         4331   2.7060050999992313E-002   2.8346065236527787E-002
         4341   2.7066407000006620E-002   2.8343125949996363E-002
         4351   2.7138531999995053E-002   2.8340262545085433E-002
         4361   2.7085127000006537E-002   2.8339030839585996E-002
         4371   2.7063742999999363E-002   2.8338206600510750E-002
         4381   2.7069959000002086E-002   2.8335998820093258E-002
         4391   2.7104237000003195E-002   2.8336762560279602E-002
         4401   3.0067395999992641E-002   2.8339936939594086E-002
         4411   3.0031302000011806E-002   2.8343764976890291E-002
         4421   3.0021579000020893E-002   2.8347675758087346E-002
         4431   2.9991160999998101E-002   2.8351773912804690E-002
         4441   2.7056959000020697E-002   2.8354236724368577E-002
         4451   2.7076067000024295E-002   2.8352013236566817E-002
         4461   2.7031187000005730E-002   2.8349419828327921E-002
         4471   2.7059847000003856E-002   2.8346556589801734E-002
         4481   2.7085382999985086E-002   2.8343711128061631E-002
         4491   2.7097193000003017E-002   2.8342845430095801E-002
         4501   2.7078416999984256E-002   2.8340969901680849E-002
         4511   2.7084311999999500E-002   2.8338268540879657E-002
         4521   3.0003864000008207E-002   2.8338081613364163E-002
         4531   2.7083554000000731E-002   2.8340119007249042E-002
         4541   3.0029974000001403E-002   2.8342571873144266E-002
         4551   3.0056451999996625E-002   2.8346266773510473E-002
         4561   2.9987016999996285E-002   2.8349937924858699E-002
         4571   3.0103319000005513E-002   2.8353974708729392E-002
         4581   2.7084944000023370E-002   2.8356999456224326E-002
         4591   2.7078962999979694E-002   2.8356843690185325E-002
         4601   2.7052746999999044E-002   2.8355615343852527E-002
         4611   2.7075597999981937E-002   2.8352879490618009E-002
         4621   2.7101600000008830E-002   2.8350838026676994E-002
         4631   2.7096301000000267E-002   2.8348102320990193E-002
         4641   2.7100911000019323E-002   2.8346329708350392E-002
         4651   2.7113527000011572E-002   2.8343674325102052E-002
         4661   2.9997534000017367E-002   2.8341599986886786E-002
         4671   3.0005568999996513E-002   2.8345461050808592E-002
         4681   3.0040872999990142E-002   2.8349068784199308E-002
         4691   3.0035058999999364E-002   2.8352661829226716E-002
         4701   3.0077833000007104E-002   2.8356280103594516E-002
         4711   3.0033537999997861E-002   2.8360064461937253E-002
         4721   3.0067632999987381E-002   2.8363612315062920E-002
         4731   2.9999127999985831E-002   2.8365901755529464E-002
         4741   2.7127328000005946E-002   2.8364108122290999E-002
         4751   2.7062997000001587E-002   2.8361408825217670E-002
         4761   2.7060015999978759E-002   2.8358738191586567E-002
         4771   2.7095187000014676E-002   2.8356503856340986E-002
         4781   2.7160869999988790E-002   2.8353905965766264E-002
         4791   2.7080839999996442E-002   2.8351274388748827E-002
         4801   2.7100514000011344E-002   2.8350516457153287E-002
         4811   3.0008312999996178E-002   2.8353991503012866E-002
         4821   3.0082219999997051E-002   2.8357524395126781E-002
         4831   3.0018015999985437E-002   2.8361033142651645E-002
         4841   3.0042858000001615E-002   2.8364500782427981E-002
         4851   3.0024218999983532E-002   2.8368002770549780E-002
         4861   3.0042121999997562E-002   2.8370863320932745E-002
         4871   2.7082749999976841E-002   2.8370682728291755E-002
         4881   2.7149536000024455E-002   2.8368141907302222E-002
         4891   2.7045366999999487E-002   2.8365533592062842E-002
         4901   2.7043453000004547E-002   2.8362921697472659E-002
         4911   2.7138480000019172E-002   2.8360398223465439E-002
         4921   2.7086186999980555E-002   2.8357878925870415E-002
         4931   2.7072269999990795E-002   2.8355289327562577E-002
         4941   3.0082262000007631E-002   2.8353560292873475E-002
         4951   3.0020992999993723E-002   2.8356366475267031E-002
         4961   3.0055363000002444E-002   2.8359793275451295E-002
         4971   2.9993619999999055E-002   2.8363208686375999E-002
         4981   3.0107348999990791E-002   2.8366656620596998E-002
         4991   3.0038762000003771E-002   2.8370050745671525E-002
         5001   3.0059327000003577E-002   2.8373422364678332E-002
         5011   3.0036517000013419E-002   2.8376777792023796E-002
         5021   3.0057185000003983E-002   2.8380170926096040E-002
         5031   2.7085494999994353E-002   2.8378800058576098E-002
         5041   2.7090654000005543E-002   2.8377446637126345E-002
         5051   2.7134380999996210E-002   2.8374961892103152E-002
         5061   2.7102404000004299E-002   2.8372455665317250E-002
         5071   2.7072662999984232E-002   2.8369938839237666E-002
         5081   2.7092296999995824E-002   2.8368607542846268E-002
         5091   2.7103508999999804E-002   2.8366118489764825E-002
         5101   3.0062885000006645E-002   2.8365959875940403E-002
         5111   2.7073064000006752E-002   2.8367711309049429E-002
         5121   3.0054343999978528E-002   2.8371021137010108E-002
         5131   3.0038555000004408E-002   2.8374308584163788E-002
         5141   3.0064011999996865E-002   2.8377583059781601E-002
         5151   3.0056269999988672E-002   2.8380829895772831E-002
         5161   3.0043728000009651E-002   2.8384052983512011E-002
         5171   2.7108650000002399E-002   2.8386680122681484E-002
         5181   3.0007357999977557E-002   2.8388174712505369E-002
         5191   2.7049362999974846E-002   2.8388531838998175E-002
         5201   2.7101673000004212E-002   2.8386598593921258E-002
         5211   2.7087654000013117E-002   2.8384136445698809E-002
         5221   2.7204519000008531E-002   2.8381713338627622E-002
         5231   2.7067610000017339E-002   2.8379277997379874E-002
         5241   2.7092116000005717E-002   2.8376825669408426E-002
         5251   3.0039868999978125E-002   2.8375548442158678E-002
         5261   3.0054172999996354E-002   2.8375949136335898E-002
         5271   3.0092280000019400E-002   2.8378023613595080E-002
         5281   3.0378395000013825E-002   2.8380676653020027E-002
         5291   3.0046370000007983E-002   2.8383861523197332E-002
         5301   3.0021069000014222E-002   2.8387007129652624E-002
         5311   3.0062786000002006E-002   2.8389664774536440E-002
         5321   3.0042132999994919E-002   2.8391130419248158E-002
         5331   2.7085749000008263E-002   2.8390923464670547E-002
         5341   2.7121493999999302E-002   2.8388540935310753E-002
         5351   2.7097158000003674E-002   2.8386168247099532E-002
         5361   2.7090597000011485E-002   2.8383770797137345E-002
         5371   2.7193022000005840E-002   2.8381435124231143E-002
         5381   2.7114256999993813E-002   2.8379071618027957E-002
         5391   2.9997323999992886E-002   2.8379967562593297E-002
         5401   2.7101442000002862E-002   2.8381955607283463E-002
         5411   3.0018167999998013E-002   2.8385024229702235E-002
         5421   3.0082477000007657E-002   2.8388116545294131E-002
         5431   3.0049945000001799E-002   2.8391184309458820E-002
         5441   3.0088992000003145E-002   2.8394232190840203E-002
         5451   3.0056611999981442E-002   2.8397259798832879E-002
         5461   3.0020922999995037E-002   2.8398686676463482E-002
         5471   2.7096024000002217E-002   2.8400635428082934E-002
         5481   2.7073086000001467E-002   2.8398249615165908E-002
         5491   2.7093598000021757E-002   2.8395885153697002E-002
         5501   2.7155888000010009E-002   2.8393558656732296E-002
         5511   2.7075496999998450E-002   2.8391191439765325E-002
         5521   2.7093973000006599E-002   2.8389396946454006E-002
         5531   3.0054393999989770E-002   2.8390820329600729E-002
         5541   2.7112488999989637E-002   2.8392229858346860E-002
         5551   3.0034599999993361E-002   2.8394149397495530E-002
         5561   3.0031678999989708E-002   2.8397105223308478E-002
         5571   3.0039351999988639E-002   2.8400086519861749E-002
         5581   3.0033798999994588E-002   2.8403040942307167E-002
         5591   3.0059559999983776E-002   2.8405972546931505E-002
         5601   2.7068373999981077E-002   2.8406816093404584E-002
         5611   2.7094851000015296E-002   2.8406611338044126E-002
         5621   2.7159049999994522E-002   2.8404322743214520E-002
         5631   2.7080965000010337E-002   2.8402061630247458E-002
         5641   2.7076125999997203E-002   2.8399769564465382E-002
         5651   2.7179168999992953E-002   2.8397510670240666E-002
         5661   2.7102727999988474E-002   2.8395227244454462E-002
         5671   2.7076702000016439E-002   2.8395554598688356E-002
         5681   3.0031825000008894E-002   2.8393789527947254E-002
         5691   3.0078405000011799E-002   2.8396703941822275E-002
         5701   3.0035400000002710E-002   2.8399592674209131E-002
         5711   3.0162200000006578E-002   2.8402481766089064E-002
         5721   3.0078704999993988E-002   2.8405408778102374E-002
         5731   3.0084320000014486E-002   2.8408300463610755E-002
         5741   3.0089396000022361E-002   2.8411152188449137E-002
         5751   3.0093958999998449E-002   2.8413499381399095E-002
         5761   2.7185394000014185E-002   2.8413286419626080E-002
         5771   2.7103646999989905E-002   2.8410996404091164E-002
         5781   2.7103232000001753E-002   2.8408743177686345E-002
         5791   2.7141438999990442E-002   2.8406532442832862E-002
         5801   2.7099676000005957E-002   2.8404291053214945E-002
         5811   2.7122555000005377E-002   2.8402083716891825E-002
         5821   2.7114656000009063E-002   2.8399898853260098E-002
         5831   2.7081331000005093E-002   2.8399221102514631E-002
         5841   3.0067706000011185E-002   2.8400057250718567E-002
         5851   3.0040087000003268E-002   2.8402899288348788E-002
         5861   3.0022415000019009E-002   2.8405691890788620E-002
         5871   3.0121521000012308E-002   2.8408531515342308E-002
         5881   3.0090942999976278E-002   2.8411315128387304E-002
         5891   3.0114070999985643E-002   2.8414104108644922E-002
         5901   2.7210129999986066E-002   2.8415391025876351E-002
         5911   3.0052842000003466E-002   2.8414680444813715E-002
         5921   2.7166508999982852E-002   2.8413016388517533E-002
         5931   2.7070228000013685E-002   2.8410829343370157E-002
         5941   2.7098796999979413E-002   2.8408643945336265E-002
         5951   2.7105084999988094E-002   2.8405974978551348E-002
         5961   2.7114103000002387E-002   2.8403821596194385E-002
         5971   2.7099763000023813E-002   2.8401672441151937E-002
         5981   2.9994272999999794E-002   2.8402448755743812E-002
         5991   3.0016665999994530E-002   2.8405237096616812E-002
         6001   3.0098306000013508E-002   2.8408017140500365E-002
         6011   3.0041084999993473E-002   2.8410778369325165E-002
         6021   3.0046502999994118E-002   2.8413529970876494E-002
         6031   3.0031721000000289E-002   2.8416236802266924E-002
         6041   3.0047701999990295E-002   2.8418943776161474E-002
         6051   2.7182424000017136E-002   2.8419348778310309E-002
         6061   2.7156821999994918E-002   2.8418310522409448E-002
         6071   2.7109178000017664E-002   2.8416246769218247E-002
         6081   2.7147644999985232E-002   2.8414133225061870E-002
         6091   2.7092585000019653E-002   2.8412045474873453E-002
         6101   2.7091523999985156E-002   2.8409871837294817E-002
         6111   2.7096473000000287E-002   2.8407700793167474E-002
         6121   3.0168647000010651E-002   2.8407215615069266E-002
         6131   3.0056067999993274E-002   2.8409539328187176E-002
         6141   3.0034950000015215E-002   2.8412190938524123E-002
         6151   3.0062313999991375E-002   2.8414913736411376E-002
         6161   3.0095563000003267E-002   2.8417775001349500E-002
         6171   3.0049525999999105E-002   2.8419959343380600E-002
         6181   3.0032754999979261E-002   2.8422095142477059E-002
         6191   3.0038957000016353E-002   2.8424266216334114E-002
         6201   2.7155200999999352E-002   2.8423574184965706E-002
         6211   2.7102406999972573E-002   2.8421455140348568E-002
         6221   2.7088791000011270E-002   2.8419326376414113E-002
         6231   2.7135404999995671E-002   2.8417245201776350E-002
         6241   2.7076273000005813E-002   2.8415157438660684E-002
         6251   2.7072535999991487E-002   2.8413508400075931E-002
         6261   3.0029038000009223E-002   2.8412820333718232E-002
         6271   2.7054770000006556E-002   2.8413529422337304E-002
         6281   3.0133330000012393E-002   2.8415708171240381E-002
         6291   3.0022967999997263E-002   2.8418307297537585E-002
         6301   3.0040267999993375E-002   2.8420878953839671E-002
         6311   3.0025073000018665E-002   2.8423444208922066E-002
         6321   3.0092640999981768E-002   2.8425083085167467E-002
         6331   2.7111624000013990E-002   2.8424884704586734E-002
         6341   3.0073878000024479E-002   2.8423269760714416E-002
         6351   2.7161888999984285E-002   2.8421207871420533E-002
         6361   2.7211744999988241E-002   2.8419330114706196E-002
         6371   2.7263516000004984E-002   2.8417440955548115E-002
         6381   2.7092445000022281E-002   2.8415465132111687E-002
         6391   2.7253591000004462E-002   2.8413519104264574E-002
         6401   2.7246158000025389E-002   2.8411738317181773E-002
         6411   3.0175743000000921E-002   2.8412718779345886E-002
         6421   3.0205128999995168E-002   2.8415526002635607E-002
         6431   3.0225373000007494E-002   2.8418361286099422E-002
         6441   3.0202604000010069E-002   2.8421169785572693E-002
         6451   3.0250932999990710E-002   2.8423978517512587E-002
         6461   3.0231023999988338E-002   2.8426754809022708E-002
         6471   3.0240074999994704E-002   2.8429543893022310E-002
         6481   3.0208412999996881E-002   2.8432347931004472E-002
         6491   2.7283366999995451E-002   2.8433767486455611E-002
         6501   2.7269208000006984E-002   2.8432013584639964E-002
         6511   2.7274544999983164E-002   2.8430226451657617E-002
         6521   2.4132799000000205E-002   2.8427803345660068E-002
         6531   2.7165266999986670E-002   2.8425339912599525E-002
