 iter iteTime iteTimeAvg
            1   4.2215093000000002E-002   4.2215093000000002E-002
           11   2.3378178999999999E-002   2.6142989457820242E-002
           21   2.3359499000000006E-002   2.4832179632252278E-002
           31   2.3377615000000018E-002   2.4006380653846599E-002
           41   2.3341333999999936E-002   2.3855945465941993E-002
           51   2.3323090999999962E-002   2.3840910697844647E-002
           61   2.3359662000000059E-002   2.3760759167642458E-002
           71   2.3327761000000002E-002   2.3742425751613082E-002
           81   2.3337778000000142E-002   2.3718854140476857E-002
           91   2.3314507000000262E-002   2.3726362820257123E-002
          101   2.5511814000000133E-002   2.3861867533654060E-002
          111   2.3301177000000006E-002   2.3991626165892541E-002
          121   2.3295225000000030E-002   2.3936071741121528E-002
          131   2.5491527999999875E-002   2.3905872898993537E-002
          141   2.3344947000000005E-002   2.3865678088762946E-002
          151   2.3314543000000132E-002   2.3844505168572755E-002
          161   2.3411727000000049E-002   2.3814186821619798E-002
          171   2.3325189000000357E-002   2.3786263041019301E-002
          181   2.3428551999999492E-002   2.3762862274755381E-002
          191   2.3326424999999595E-002   2.3751030230764879E-002
          201   2.3326461999999992E-002   2.3730853558804412E-002
          211   2.3329183000000420E-002   2.3712151461823962E-002
          221   2.3367288999999403E-002   2.3703981652031258E-002
          231   2.3357187999999418E-002   2.3679096569998264E-002
          241   2.3374569999999650E-002   2.3665579489496293E-002
          251   2.3306068999999319E-002   2.3653481788458382E-002
          261   2.3307015000000320E-002   2.3640917697555736E-002
          271   2.3341819999999736E-002   2.3629409120592831E-002
          281   2.3318968999999967E-002   2.3618588888475348E-002
          291   2.3342809999999936E-002   2.3608820515443857E-002
          301   2.3321839999999483E-002   2.3599726978777671E-002
          311   2.3320200000000568E-002   2.3591136783113569E-002
          321   2.3356718000000498E-002   2.3583037331989631E-002
          331   2.3311778000000061E-002   2.3575839659158881E-002
          341   2.3366558000001092E-002   2.3568338602090514E-002
          351   2.3318395000000436E-002   2.3561463772202158E-002
          361   2.3339310000000779E-002   2.3555222195827383E-002
          371   2.3358625999998495E-002   2.3549317253500832E-002
          381   2.3301696999999066E-002   2.3543475731333925E-002
          391   2.3361847000000324E-002   2.3537936189262674E-002
          401   2.3358042999999995E-002   2.3532723629198171E-002
          411   2.3328205000000324E-002   2.3528031943186048E-002
          421   2.3347842999999813E-002   2.3523278781535352E-002
          431   2.3314895999998697E-002   2.3518848289123897E-002
          441   2.3349244999998575E-002   2.3514259280402666E-002
          451   2.3294131000000107E-002   2.3510341442084519E-002
          461   2.3319220999999501E-002   2.3507161242029569E-002
          471   2.3374541999999110E-002   2.3503454960995845E-002
          481   2.3308263000000551E-002   2.3499921552806665E-002
          491   2.3355857000000313E-002   2.3496501766766473E-002
          501   2.3326623000000879E-002   2.3493210116620141E-002
          511   2.3321597999999000E-002   2.3485731135969724E-002
          521   2.1149738000000085E-002   2.3440536889487797E-002
          531   2.3340183999998487E-002   2.3422077921052775E-002
          541   2.3331147000000385E-002   2.3420476889418063E-002
          551   2.3278751999999514E-002   2.3418666325735648E-002
          561   2.3336791000000190E-002   2.3417028764268794E-002
          571   2.1165599999999785E-002   2.3392410108758744E-002
          581   2.3310030999999398E-002   2.3383899051298531E-002
          591   2.5495572000000521E-002   2.3386617427392568E-002
          601   2.3379475000000483E-002   2.3400566036017405E-002
          611   2.3312647000000908E-002   2.3399614385713103E-002
          621   2.3321697000000086E-002   2.3398762974644119E-002
          631   2.3307242000001338E-002   2.3397848963398304E-002
          641   2.3318860999999913E-002   2.3400455904326298E-002
          651   2.3385292000000391E-002   2.3399432315982429E-002
          661   2.3335615999998893E-002   2.3398629877976074E-002
          671   2.3362079999998286E-002   2.3397973337623633E-002
          681   2.3325943999999765E-002   2.3397467458245533E-002
          691   2.3288823000001457E-002   2.3396716334170061E-002
          701   2.3321629999998095E-002   2.3395691552092441E-002
          711   2.3342631999998531E-002   2.3396741476948500E-002
          721   2.3319486000001888E-002   2.3396041190368189E-002
          731   2.3367045000000530E-002   2.3401592124381004E-002
          741   2.3375564999998488E-002   2.3400834693353523E-002
          751   2.3354410000003156E-002   2.3402224037199250E-002
          761   2.3321765999998689E-002   2.3401624172826669E-002
          771   2.5562535999998914E-002   2.3403848321705931E-002
          781   2.5537296000003096E-002   2.3419987765015134E-002
          791   2.3346328999998889E-002   2.3426687243395517E-002
          801   2.3304798999998155E-002   2.3425627101179868E-002
          811   2.3333985000000723E-002   2.3424629084733539E-002
          821   2.3354849999996929E-002   2.3423680006298540E-002
          831   2.5654041999999322E-002   2.3429835348330465E-002
          841   2.3340293000000401E-002   2.3431586969374644E-002
          851   2.3319859000000775E-002   2.3430553799048202E-002
          861   2.3319790999998702E-002   2.3429502972294274E-002
          871   2.3282072000000653E-002   2.3428394093410000E-002
          881   2.3360264000000797E-002   2.3429402217694829E-002
          891   2.3331070000001120E-002   2.3428851911021894E-002
          901   2.3334681000001467E-002   2.3427858941587852E-002
          911   2.3300845000001402E-002   2.3426884535874670E-002
          921   2.3327522999998962E-002   2.3427224830243017E-002
          931   2.3359981999998780E-002   2.3426359185031925E-002
          941   2.3363720000002530E-002   2.3425559287428597E-002
          951   2.3334081000001561E-002   2.3424778820231956E-002
          961   2.3388620000002192E-002   2.3427483263692570E-002
          971   2.3398499999998990E-002   2.3426676985355561E-002
          981   2.3323104000002814E-002   2.3425896090886786E-002
          991   2.3342207999998976E-002   2.3425126963019884E-002
         1001   2.3352666999997496E-002   2.3425982431797963E-002
         1011   2.3307551999998566E-002   2.3425935604509101E-002
         1021   2.3370548999999130E-002   2.3425131072634751E-002
         1031   2.3327951999998930E-002   2.3424221615868039E-002
         1041   2.3337685999997859E-002   2.3426957196401636E-002
         1051   2.3332031999999003E-002   2.3426090665343451E-002
         1061   2.3355750000000342E-002   2.3425405890706314E-002
         1071   2.3378494999999333E-002   2.3424692597200578E-002
         1081   2.3339439000000795E-002   2.3425104904673689E-002
         1091   2.5525616999999556E-002   2.3436390183517057E-002
         1101   2.3367420999999666E-002   2.3435962769410158E-002
         1111   2.3317554999998436E-002   2.3434948500111120E-002
         1121   2.3340169000000799E-002   2.3435236091880439E-002
         1131   2.3353962999998146E-002   2.3434492960627180E-002
         1141   2.5493685000000710E-002   2.3449076383820249E-002
         1151   2.3335468999999165E-002   2.3459517515281043E-002
         1161   2.3372618999999872E-002   2.3459418609902524E-002
         1171   2.3323443999998972E-002   2.3458432932911517E-002
         1181   2.3295453999999438E-002   2.3457410951356207E-002
         1191   2.3318416999998703E-002   2.3456421982498494E-002
         1201   2.3332630999998827E-002   2.3455376959828755E-002
         1211   2.3328961999997233E-002   2.3455538119487314E-002
         1221   2.3324711999997305E-002   2.3454867717905410E-002
         1231   2.3351833000003097E-002   2.3454039403347934E-002
         1241   2.3350077999999996E-002   2.3453254336096643E-002
         1251   2.3340247000000147E-002   2.3453601126305824E-002
         1261   2.3359146000000663E-002   2.3452786620095780E-002
         1271   2.5537586999998751E-002   2.3469312822353799E-002
         1281   2.3344738000002252E-002   2.3473505304451660E-002
         1291   2.3347860000001219E-002   2.3473936518865451E-002
         1301   2.3321914000000277E-002   2.3472994669232080E-002
         1311   2.3332260000000105E-002   2.3472101068479963E-002
         1321   2.3354367999999681E-002   2.3472837250476268E-002
         1331   2.3337009999998770E-002   2.3474886791060096E-002
         1341   2.3371337000000381E-002   2.3473949987241519E-002
         1351   2.1133427000002314E-002   2.3468070469875642E-002
         1361   2.3335101999997221E-002   2.3465537232134615E-002
         1371   2.3326737999994407E-002   2.3466215056561646E-002
         1381   2.5521726000000911E-002   2.3482185082922710E-002
         1391   2.3365839000000221E-002   2.3490843327419898E-002
         1401   2.3326597000000504E-002   2.3489860807549934E-002
         1411   2.3344786000002671E-002   2.3488802974314604E-002
         1421   2.3355853000005311E-002   2.3488635904497238E-002
         1431   2.3327782999999158E-002   2.3487629398232696E-002
         1441   2.3310414000000890E-002   2.3486703895558514E-002
         1451   2.3374524000004726E-002   2.3485812605297324E-002
         1461   2.3328691000003232E-002   2.3485902919896374E-002
         1471   2.3344389000001797E-002   2.3485044600450141E-002
         1481   2.3337267000002271E-002   2.3484125362575430E-002
         1491   2.3365839000000221E-002   2.3483246331339365E-002
         1501   2.3325905000000091E-002   2.3483192254645076E-002
         1511   2.3336598000000208E-002   2.3482130443663388E-002
         1521   2.3343646000000717E-002   2.3481396505463246E-002
         1531   2.3311926000005201E-002   2.3480473019215079E-002
         1541   2.3356692999996653E-002   2.3480338822778075E-002
         1551   2.3358964999999898E-002   2.3479512552227494E-002
         1561   2.3352635999998483E-002   2.3478738158714881E-002
         1571   2.3353456999998912E-002   2.3477966718134027E-002
         1581   2.3350197999995714E-002   2.3477218769511300E-002
         1591   2.3359740000003626E-002   2.3477267692012693E-002
         1601   2.3351484000002642E-002   2.3476397533647310E-002
         1611   2.3350963999995145E-002   2.3475560882133067E-002
         1621   2.3354490000002670E-002   2.3474772987443583E-002
         1631   2.3359900999999184E-002   2.3474850139556039E-002
         1641   2.3368253999997535E-002   2.3474158918046283E-002
         1651   2.3352750999997340E-002   2.3473542219180334E-002
         1661   2.3341989000002172E-002   2.3472865728107351E-002
         1671   2.3310343000005673E-002   2.3473095302856645E-002
         1681   2.3314285999994411E-002   2.3472320129117239E-002
         1691   2.3338758000001292E-002   2.3471522492676495E-002
         1701   2.3345366000000922E-002   2.3470714718015467E-002
         1711   2.3355944999998712E-002   2.3470827506278637E-002
         1721   2.3320793999999978E-002   2.3470042468673565E-002
         1731   2.3379055999996012E-002   2.3469381153094104E-002
         1741   2.3335836999997639E-002   2.3468796583607038E-002
         1751   2.3389954000002433E-002   2.3468823407233205E-002
         1761   2.3347942999997429E-002   2.3468215145567281E-002
         1771   2.3362962000000209E-002   2.3467745631513489E-002
         1781   2.3368487999995580E-002   2.3467167331834959E-002
         1791   2.3563637999998832E-002   2.3467300998426994E-002
         1801   2.3501946999999745E-002   2.3468299663569718E-002
         1811   2.3441093999998941E-002   2.3467848467744905E-002
         1821   2.3352672000001462E-002   2.3467313027725024E-002
         1831   2.3423501000003455E-002   2.3466877098322490E-002
         1841   2.3421671999997784E-002   2.3465761273488935E-002
         1851   2.3586629000000414E-002   2.3461494856162678E-002
         1861   2.3528781000003107E-002   2.3462076867215773E-002
         1871   2.3564370999999085E-002   2.3462012875802359E-002
         1881   2.3560156999998583E-002   2.3462722383920744E-002
         1891   2.3448580000000163E-002   2.3462753633734901E-002
         1901   2.3377938000002985E-002   2.3453356531411163E-002
         1911   2.3390900999999076E-002   2.3449558801301573E-002
         1921   2.3364223999998046E-002   2.3449556187900844E-002
         1931   2.3385410000003048E-002   2.3449110693289150E-002
         1941   2.3427669000000151E-002   2.3448767537291366E-002
         1951   2.1161650000003362E-002   2.3438381169843137E-002
         1961   2.1210631999998952E-002   2.3427902624016259E-002
         1971   2.3335065999994242E-002   2.3428181341761629E-002
         1981   2.3367782999997644E-002   2.3427816787848235E-002
         1991   2.3399001999997893E-002   2.3427467216353519E-002
         2001   2.3343410999999037E-002   2.3427065111472689E-002
         2011   2.3356868000000475E-002   2.3426047692318111E-002
         2021   2.3484492999997997E-002   2.3425790288478812E-002
         2031   2.3455511999998180E-002   2.3426070506644737E-002
         2041   2.3568523000001562E-002   2.3426321260678690E-002
         2051   2.3479268000002662E-002   2.3427717163518436E-002
         2061   2.1251843000001713E-002   2.3425790870604774E-002
         2071   2.3331420000005210E-002   2.3426227336461353E-002
         2081   2.3324803000001282E-002   2.3425748631447162E-002
         2091   2.3369749000003992E-002   2.3426033544456597E-002
         2101   2.3361153999999829E-002   2.3425915869639078E-002
         2111   2.3355012000003228E-002   2.3425527575489127E-002
         2121   2.3368122999997354E-002   2.3425148424029669E-002
         2131   2.3340152999999475E-002   2.3425536529923095E-002
         2141   2.3345392000003073E-002   2.3425197348700213E-002
         2151   2.3390982999998755E-002   2.3424868477510824E-002
         2161   2.3308659000001342E-002   2.3424582389481322E-002
         2171   2.3365667000000201E-002   2.3424773386559392E-002
         2181   2.3335025999998038E-002   2.3424283690070893E-002
         2191   2.3286663000000374E-002   2.3422880373387946E-002
         2201   2.3345550999998466E-002   2.3420503908737657E-002
         2211   2.3390127999995514E-002   2.3420135591789338E-002
         2221   2.3344873999995741E-002   2.3420462667959614E-002
         2231   2.3339345000003675E-002   2.3420132746028076E-002
         2241   2.3340062000002604E-002   2.3419786703194313E-002
         2251   2.3317462999997929E-002   2.3419428294659997E-002
         2261   2.1156694000005416E-002   2.3412952380644728E-002
         2271   2.3351988999998241E-002   2.3411707700516829E-002
         2281   2.3333720000003666E-002   2.3411449449364383E-002
         2291   2.3349830000000793E-002   2.3411164273238621E-002
         2301   2.3381073000003028E-002   2.3411464135892998E-002
         2311   2.3385388000001228E-002   2.3411271999279417E-002
         2321   2.3383732999995743E-002   2.3409306028945785E-002
         2331   2.3411541999998065E-002   2.3407360595310411E-002
         2341   2.3529691999996771E-002   2.3407493172792251E-002
         2351   2.3612399999997535E-002   2.3408396598591424E-002
         2361   2.3546342000003051E-002   2.3409058960503461E-002
         2371   2.3672814000001097E-002   2.3409783565507117E-002
         2381   2.3678162000003056E-002   2.3409667529463385E-002
         2391   2.1206698999996831E-002   2.3403856507218726E-002
         2401   2.3534927999996569E-002   2.3402064278886962E-002
         2411   2.3388912999998013E-002   2.3402251122975015E-002
         2421   2.3462332000001140E-002   2.3402332860801841E-002
         2431   2.3459492999997167E-002   2.3401444788136352E-002
         2441   2.1377342000000965E-002   2.3392710092120135E-002
         2451   2.1176443000001655E-002   2.3383653821732846E-002
         2461   2.3411264000003484E-002   2.3382830729848425E-002
         2471   2.3360056999997880E-002   2.3383109786544207E-002
         2481   2.3392827999998644E-002   2.3383002348607806E-002
         2491   2.1184734999998511E-002   2.3379458655142960E-002
         2501   2.1153172999994752E-002   2.3370601332327882E-002
         2511   2.3377072999998916E-002   2.3362802021620194E-002
         2521   2.3350837999998930E-002   2.3361426706702305E-002
         2531   2.3325231000001168E-002   2.3361350711072031E-002
         2541   2.3368957000002410E-002   2.3361265940166090E-002
         2551   2.1129029000000799E-002   2.3354212004204043E-002
         2561   2.1168252999999027E-002   2.3346133582619846E-002
         2571   2.3356404000004716E-002   2.3341014148535986E-002
         2581   2.3490135999999495E-002   2.3341231067567025E-002
         2591   2.3534599999997852E-002   2.3341807144903762E-002
         2601   2.3499004000001378E-002   2.3342468079666966E-002
         2611   2.1308986999997614E-002   2.3336680501719130E-002
         2621   2.1285038999998562E-002   2.3328857049609929E-002
         2631   2.1175659999997265E-002   2.3321319805554134E-002
         2641   2.3490152000000819E-002   2.3319109739805152E-002
         2651   2.3353329999999062E-002   2.3319753304994348E-002
         2661   2.3423909000001686E-002   2.3319911169972271E-002
         2671   2.3311372999998525E-002   2.3318391579559072E-002
         2681   2.1139918999999452E-002   2.3310341224964996E-002
         2691   2.1121944999990205E-002   2.3303241306151395E-002
         2701   2.3306096999988313E-002   2.3302039180959952E-002
         2711   2.3380932999998549E-002   2.3302237122144433E-002
         2721   2.1157801000001086E-002   2.3301700217188210E-002
         2731   2.1140580999997383E-002   2.3295478663712010E-002
         2741   2.3361110999999823E-002   2.3288455333422470E-002
         2751   2.3361585999992940E-002   2.3286318832907500E-002
         2761   2.3367569000001254E-002   2.3286629368070084E-002
         2771   2.3442759000005253E-002   2.3287045056864856E-002
         2781   2.1181610999988720E-002   2.3284242355542873E-002
         2791   2.1345594000010237E-002   2.3276863214952943E-002
         2801   2.1225247000003833E-002   2.3269685332535393E-002
         2811   2.1166821999997865E-002   2.3262232025701313E-002
         2821   2.1210530999994148E-002   2.3255192688628794E-002
         2831   2.3322948999989990E-002   2.3252533842037085E-002
         2841   2.3339113000005796E-002   2.3252294783500438E-002
         2851   2.1147646000002851E-002   2.3244930776578122E-002
         2861   2.3433185000001799E-002   2.3240012768814565E-002
         2871   2.1157760999997777E-002   2.3236813650966758E-002
         2881   2.1136544000000868E-002   2.3230274540247935E-002
         2891   2.1176789999998391E-002   2.3223154311319053E-002
         2901   2.1205015999996135E-002   2.3216360097622766E-002
         2911   2.1482847000001470E-002   2.3210171017452839E-002
         2921   2.1430355999996209E-002   2.3203624219722989E-002
         2931   2.1371099999996090E-002   2.3197434611105908E-002
         2941   2.1262372000009577E-002   2.3191048779835844E-002
         2951   2.1339412000003222E-002   2.3187664738580360E-002
         2961   2.3478705000002265E-002   2.3185535217642807E-002
         2971   2.3413566000002106E-002   2.3186348886723166E-002
         2981   2.1109025000001225E-002   2.3181078712723152E-002
         2991   2.1147776000006502E-002   2.3174419984004133E-002
         3001   2.1096115999995391E-002   2.3167644036691321E-002
         3011   2.3344162000000779E-002   2.3163368206222629E-002
         3021   2.3359804999998346E-002   2.3164019366632881E-002
         3031   2.1160205000001042E-002   2.3161734792687818E-002
         3041   2.1263846000010744E-002   2.3155402037702125E-002
         3051   2.1151162000009549E-002   2.3148833989625379E-002
         3061   2.1190717999999720E-002   2.3142279774894324E-002
         3071   2.3336196000002474E-002   2.3142179070725362E-002
         3081   2.3335313000004021E-002   2.3142813706575973E-002
         3091   2.1139846000011175E-002   2.3139151034326608E-002
         3101   2.1177597000004766E-002   2.3132739104936632E-002
         3111   2.1116732000010074E-002   2.3126320051311228E-002
         3121   2.1116908999999850E-002   2.3120678796005677E-002
         3131   2.3314748000004215E-002   2.3119272103874450E-002
         3141   2.3297584000005145E-002   2.3119942279623409E-002
         3151   2.1141674999995530E-002   2.3114326503402199E-002
         3161   2.1103387000010798E-002   2.3108052448835098E-002
         3171   2.3328100000000518E-002   2.3102528971933579E-002
         3181   2.1173062999991998E-002   2.3098438398908915E-002
         3191   2.3291289999988862E-002   2.3097767675803821E-002
         3201   2.3338647000002766E-002   2.3098511497432920E-002
         3211   2.1162039000003574E-002   2.3095829040186148E-002
         3221   2.1131913999994367E-002   2.3089770263895047E-002
         3231   2.1180799000006800E-002   2.3083954484469028E-002
         3241   2.1189925999991033E-002   2.3078005090224459E-002
         3251   2.1143663999993123E-002   2.3072758284463802E-002
         3261   2.1108382999997843E-002   2.3067467999705042E-002
         3271   2.1113451000005057E-002   2.3061660427587814E-002
         3281   2.1114788999994971E-002   2.3056124301795638E-002
         3291   2.1205618000010418E-002   2.3051064698840180E-002
         3301   2.1162156999992021E-002   2.3046737664173873E-002
         3311   2.3414876999993339E-002   2.3047074146017928E-002
         3321   2.1155638999999837E-002   2.3045392673861249E-002
         3331   2.1204397999994740E-002   2.3039752383857113E-002
         3341   2.1171103000000357E-002   2.3034154822839936E-002
         3351   2.1192084000006162E-002   2.3028619925676706E-002
         3361   2.1165738999997075E-002   2.3023078253642689E-002
         3371   2.1139727999994307E-002   2.3018948056226538E-002
         3381   2.3358063000003426E-002   2.3017373101894632E-002
         3391   2.3314246999987631E-002   2.3018320646071129E-002
         3401   2.3328613999993308E-002   2.3016724457709373E-002
         3411   2.1138540999999123E-002   2.3012562392464235E-002
         3421   2.1143543999997405E-002   2.3007114131799650E-002
         3431   2.1185565999999767E-002   2.3003009681854029E-002
         3441   2.1170638000000963E-002   2.2997681620838817E-002
         3451   2.1131164999999896E-002   2.2992300559306556E-002
         3461   2.1164124999998535E-002   2.2987004405428387E-002
         3471   2.1191844000000515E-002   2.2981791497994217E-002
         3481   2.1141884999991589E-002   2.2977148336583337E-002
         3491   2.3339997999997308E-002   2.2977577257907035E-002
         3501   2.3392663999999286E-002   2.2978739305095728E-002
         3511   2.1179172000003632E-002   2.2977264963453689E-002
         3521   2.1156821999994690E-002   2.2972708329043547E-002
         3531   2.1146385000008650E-002   2.2967562487136092E-002
         3541   2.1135833000002435E-002   2.2962416573437578E-002
         3551   2.1149921999992216E-002   2.2957301970588182E-002
         3561   2.1142767000000617E-002   2.2952271336063791E-002
         3571   2.1165190000004941E-002   2.2947874013928067E-002
         3581   2.1155257000003758E-002   2.2942868459879518E-002
         3591   2.1124804999999469E-002   2.2937860105818750E-002
         3601   2.1159529000001953E-002   2.2933512472562752E-002
         3611   2.1132511000004683E-002   2.2929169892382674E-002
         3621   2.1138086000007661E-002   2.2924866688356544E-002
         3631   2.1166957999994906E-002   2.2920000840144106E-002
         3641   2.1187788999995405E-002   2.2915191112923797E-002
         3651   2.1121251000010943E-002   2.2910339351211575E-002
         3661   2.1147411999990595E-002   2.2905568683629706E-002
         3671   2.1136445999999864E-002   2.2901414355933417E-002
         3681   2.3399252000004367E-002   2.2898439753202410E-002
         3691   2.1151169999996000E-002   2.2894292857785790E-002
         3701   2.1166705000013053E-002   2.2889606343792984E-002
         3711   2.1166657999998506E-002   2.2884957260369168E-002
         3721   2.1139410000003522E-002   2.2880295266635584E-002
         3731   2.1156337999997277E-002   2.2876215896659797E-002
         3741   2.1165334000002645E-002   2.2872279989026002E-002
         3751   2.1154219999999668E-002   2.2867695228221484E-002
         3761   2.1138927000009744E-002   2.2863144152978819E-002
         3771   2.1155608999990250E-002   2.2858609883946935E-002
         3781   2.1160159000004342E-002   2.2854116719615611E-002
         3791   2.1129125999991061E-002   2.2850216601269634E-002
         3801   2.3358837999992943E-002   2.2846346802372148E-002
         3811   2.1145875999991404E-002   2.2841884498405178E-002
         3821   2.1182386000006659E-002   2.2837503650031947E-002
         3831   2.1173083999997289E-002   2.2833107656474519E-002
         3841   2.1213048000007007E-002   2.2828766175786479E-002
         3851   2.3330349999994837E-002   2.2825553168304407E-002
         3861   2.1173983000011276E-002   2.2821825733896614E-002
         3871   2.1203384000003211E-002   2.2817518624145328E-002
         3881   2.1172373000013067E-002   2.2813241498203001E-002
         3891   2.1137753000004977E-002   2.2809014802417232E-002
         3901   2.1168630999994775E-002   2.2804773506771937E-002
         3911   2.1158221000007416E-002   2.2801092065759056E-002
         3921   2.1099425000002725E-002   2.2797459602310468E-002
         3931   2.1181655999995996E-002   2.2794369897594053E-002
         3941   2.1161427000009780E-002   2.2790763192076503E-002
         3951   2.1253977000000646E-002   2.2786653646555362E-002
         3961   2.1150624000000562E-002   2.2782525092999172E-002
         3971   2.1156164000004196E-002   2.2778540253578207E-002
         3981   2.1132343000004994E-002   2.2774498881330103E-002
         3991   2.1179887999991820E-002   2.2770414276197821E-002
         4001   2.1172597999992604E-002   2.2766422089502410E-002
         4011   2.1122548999997548E-002   2.2762458090559247E-002
         4021   2.1147061000007739E-002   2.2759212916543741E-002
         4031   2.1144472000003134E-002   2.2755747472801308E-002
         4041   2.3312087000007864E-002   2.2752272558994219E-002
         4051   2.1125198999996542E-002   2.2748314400696551E-002
         4061   2.1138059000008980E-002   2.2744362799774279E-002
         4071   2.1181146999992961E-002   2.2740469193541443E-002
         4081   2.1163089000012292E-002   2.2736581986590860E-002
         4091   2.1147163000009073E-002   2.2732690655483223E-002
         4101   2.1155217000000448E-002   2.2728871190174464E-002
         4111   2.1133125999995173E-002   2.2725586272441405E-002
         4121   2.1136787000003210E-002   2.2721722083351242E-002
         4131   2.1139275999999541E-002   2.2718999521860715E-002
         4141   2.1172441999993907E-002   2.2715212896719312E-002
         4151   2.1145997999994393E-002   2.2711399167810540E-002
         4161   2.1162723000003325E-002   2.2707652640570633E-002
         4171   2.1150694000013459E-002   2.2703920143541723E-002
         4181   2.1167722000001277E-002   2.2700217176602092E-002
         4191   2.1140978000005362E-002   2.2696526684932605E-002
         4201   2.1112836000000357E-002   2.2692873155110840E-002
         4211   2.1146050000012906E-002   2.2689187361259928E-002
         4221   2.1163769000011712E-002   2.2686039337979101E-002
         4231   2.1139305999994917E-002   2.2682953653523123E-002
         4241   2.1136640999998235E-002   2.2679329643270869E-002
         4251   2.1190828999991140E-002   2.2675790502826424E-002
         4261   2.1167496999993318E-002   2.2672237309617965E-002
         4271   2.1190183000001639E-002   2.2668684952873556E-002
         4281   2.1191364999992857E-002   2.2665168770121584E-002
         4291   2.1116493000008063E-002   2.2661651080517122E-002
         4301   2.1129188999992721E-002   2.2658139648234262E-002
         4311   2.1154694000003360E-002   2.2654653250478284E-002
         4321   2.1163328000000092E-002   2.2651715030245677E-002
         4331   2.1128919000005908E-002   2.2648213578278297E-002
         4341   2.1127559999996492E-002   2.2645277490912316E-002
         4351   2.1159128999997279E-002   2.2642364326668763E-002
         4361   2.1166645000008089E-002   2.2638935887204087E-002
         4371   2.1141003000010983E-002   2.2635547841471045E-002
         4381   2.1138333999999759E-002   2.2632161125640270E-002
         4391   2.1187998000002040E-002   2.2628819466940873E-002
         4401   2.1157341000005658E-002   2.2625949878267430E-002
         4411   2.1150894000001585E-002   2.2622638037468380E-002
         4421   2.1182773999996130E-002   2.2619315149783093E-002
         4431   2.1215616000006321E-002   2.2616066064619050E-002
         4441   2.1191536000003453E-002   2.2612859730529691E-002
         4451   2.1141696999990245E-002   2.2610089824328748E-002
         4461   2.1132573000002708E-002   2.2607279994802963E-002
         4471   2.1180963999995583E-002   2.2604036684010134E-002
         4481   2.1133242999994195E-002   2.2600778866218772E-002
         4491   2.1180011999987869E-002   2.2597576120156459E-002
         4501   2.1126498000000993E-002   2.2594353137496727E-002
         4511   2.1157056999996371E-002   2.2591163654614076E-002
         4521   2.1157678999998097E-002   2.2587963993352087E-002
         4531   2.1197905999997602E-002   2.2584838249124481E-002
         4541   2.1150251999998204E-002   2.2581680735395196E-002
         4551   2.1185493999993810E-002   2.2578573241583796E-002
         4561   2.1168548999995096E-002   2.2575444708023588E-002
         4571   2.1113235000001396E-002   2.2572775527232750E-002
         4581   2.1154428000002667E-002   2.2569641266511290E-002
         4591   2.1141918999987297E-002   2.2566534348878734E-002
         4601   2.1133310999999821E-002   2.2563450467973804E-002
         4611   2.1158400999993887E-002   2.2560352201808156E-002
         4621   2.1146225999999047E-002   2.2557314216795875E-002
         4631   2.1149679000004085E-002   2.2554246845749859E-002
         4641   2.1134355000000937E-002   2.2551187085290633E-002
         4651   2.1132112000003644E-002   2.2548670390180589E-002
         4661   2.1156819000012206E-002   2.2545679969813447E-002
         4671   2.1177152999996451E-002   2.2543209387931633E-002
         4681   2.1131569000004902E-002   2.2540230571539005E-002
         4691   2.1170492999999624E-002   2.2537286809997181E-002
         4701   2.1282141000000365E-002   2.2534393286255883E-002
         4711   2.1147884000001227E-002   2.2531400316156004E-002
         4721   2.1123432999999636E-002   2.2528469046232104E-002
         4731   2.1208063000003108E-002   2.2525581533399164E-002
         4741   2.1170773999998005E-002   2.2522701583492150E-002
         4751   2.1325501000006852E-002   2.2520330390808134E-002
         4761   2.1151845000005665E-002   2.2517926640996656E-002
         4771   2.1161651999989317E-002   2.2515532130105841E-002
         4781   2.1135638999993489E-002   2.2512690978729440E-002
         4791   2.1168611000007331E-002   2.2509849646041039E-002
         4801   2.1137387999999646E-002   2.2507044207991399E-002
         4811   2.1164659999996616E-002   2.2504273344218378E-002
         4821   2.1201417999989758E-002   2.2501483227171475E-002
         4831   2.1138215000007676E-002   2.2498693976052669E-002
         4841   2.1144122999999126E-002   2.2495943245726534E-002
         4851   2.1172440000000847E-002   2.2493636143787556E-002
         4861   2.1153073999997218E-002   2.2490892445594716E-002
         4871   2.1186451999994915E-002   2.2488608603150068E-002
         4881   2.1175604000006842E-002   2.2486361898169466E-002
         4891   2.1159138999991001E-002   2.2483650068485281E-002
         4901   2.1197537999995575E-002   2.2480945043308644E-002
         4911   2.1128806999996641E-002   2.2478262700365251E-002
         4921   2.1139924999999948E-002   2.2475561792273693E-002
         4931   2.1149704999999130E-002   2.2472881123367663E-002
         4941   2.1120425999995973E-002   2.2470212614623071E-002
         4951   2.1196685999996134E-002   2.2467570652179622E-002
         4961   2.1155712999998855E-002   2.2464923663243382E-002
         4971   2.1110483000001068E-002   2.2462272760785513E-002
         4981   2.1147927000001232E-002   2.2459859005615351E-002
         4991   2.1149871000005760E-002   2.2457242300124435E-002
         5001   2.1122275999999829E-002   2.2454631481409845E-002
         5011   2.1139093000002163E-002   2.2452117000743774E-002
         5021   2.1201904999998078E-002   2.2449556543513632E-002
         5031   2.1181885000004286E-002   2.2447010068533016E-002
         5041   2.1145347000000925E-002   2.2444473879034883E-002
         5051   2.1158792999997900E-002   2.2441942999984952E-002
         5061   2.1161183000003803E-002   2.2439443717990139E-002
         5071   2.1174160000001052E-002   2.2436904171747128E-002
         5081   2.1155039999996461E-002   2.2434799928948007E-002
         5091   2.1167466000008517E-002   2.2432280320675992E-002
         5101   2.1108451000003470E-002   2.2429756169853116E-002
         5111   2.1151802999995084E-002   2.2427252641153347E-002
         5121   2.1159858000004306E-002   2.2424763165521732E-002
         5131   2.1160111000000370E-002   2.2422330924288383E-002
         5141   2.1148981999999705E-002   2.2420016843249530E-002
         5151   2.1141510999996171E-002   2.2417562671183309E-002
         5161   2.1142413999996279E-002   2.2415104733868679E-002
         5171   2.3371294000000375E-002   2.2413096566322222E-002
         5181   2.1123750999990420E-002   2.2410653308479356E-002
         5191   2.1140700999993101E-002   2.2408658226654998E-002
         5201   2.1168708999994124E-002   2.2406263134293624E-002
         5211   2.1155547999995861E-002   2.2403825105049530E-002
         5221   2.1153818999991358E-002   2.2401409473075569E-002
         5231   2.1157411000004345E-002   2.2399038620289663E-002
         5241   2.1145081000000232E-002   2.2396686453015270E-002
         5251   2.1136137999988591E-002   2.2394317759159277E-002
         5261   2.1180823999998211E-002   2.2391982197490650E-002
         5271   2.1138683999993191E-002   2.2389624404553089E-002
         5281   2.1183358000001817E-002   2.2387287855938433E-002
         5291   2.1118914999988192E-002   2.2384938006263153E-002
         5301   2.1196267999997076E-002   2.2383039777092727E-002
         5311   2.1127012000007994E-002   2.2380723012336450E-002
         5321   2.1179869000008011E-002   2.2378408746973312E-002
         5331   2.1145708000005925E-002   2.2376086605893512E-002
         5341   2.1152137999990828E-002   2.2373787927581133E-002
         5351   2.1157768999998439E-002   2.2371532044953894E-002
         5361   2.1185391000003051E-002   2.2369299865039147E-002
         5371   2.1157239999993749E-002   2.2367086095261193E-002
         5381   2.1173083000007864E-002   2.2364829809102468E-002
         5391   2.1167062000003511E-002   2.2362575550253075E-002
         5401   2.1137046000006876E-002   2.2360736202061339E-002
         5411   2.1145551999993017E-002   2.2358523387909071E-002
         5421   2.1218730000001074E-002   2.2356351020656657E-002
         5431   2.1200304999993591E-002   2.2354147539214851E-002
         5441   2.1163098000002378E-002   2.2351944150023884E-002
         5451   2.1138736000011704E-002   2.2348924621870575E-002
         5461   2.1141667999998504E-002   2.2346774747629569E-002
         5471   2.1126563000009924E-002   2.2344573595745109E-002
         5481   2.1263156000003391E-002   2.2342471301751776E-002
         5491   2.3302208000004043E-002   2.2340700493983449E-002
         5501   2.3347391000001494E-002   2.2338942337570340E-002
         5511   2.1186563000000547E-002   2.2336797772080755E-002
         5521   2.1093562999993765E-002   2.2334638534242536E-002
         5531   2.1144892999998888E-002   2.2332502939198161E-002
         5541   2.1158915000000889E-002   2.2330373687953032E-002
         5551   2.1154244000001654E-002   2.2328236206663701E-002
         5561   2.1140332000001649E-002   2.2326142776359543E-002
         5571   2.1171135000003005E-002   2.2324031939976282E-002
         5581   2.1127947000010749E-002   2.2321908198671813E-002
         5591   2.1195532999996658E-002   2.2319827334506305E-002
         5601   2.1243522000006010E-002   2.2317918335411049E-002
         5611   2.1237382999998999E-002   2.2316082961486201E-002
         5621   2.1154660000007652E-002   2.2314171164957736E-002
         5631   2.1195755999997345E-002   2.2312163870262931E-002
         5641   2.1219927999993615E-002   2.2310139065538335E-002
         5651   2.1145251000007192E-002   2.2308103079064029E-002
         5661   2.1294829999987996E-002   2.2306077502753704E-002
         5671   2.1178604999988693E-002   2.2304252931891370E-002
         5681   2.1242083999993611E-002   2.2302346147079453E-002
         5691   2.1188784000003125E-002   2.2300524613042275E-002
         5701   2.1120999000004304E-002   2.2298498618855044E-002
         5711   2.1089012999993884E-002   2.2296465423280724E-002
         5721   2.1182491999979902E-002   2.2294463694168390E-002
         5731   2.1270571999991716E-002   2.2292658993037548E-002
         5741   2.1230724000020018E-002   2.2290804830310203E-002
         5751   2.1129099000006590E-002   2.2288816691447253E-002
         5761   2.1121907999997802E-002   2.2286826663943729E-002
         5771   2.1306758000008585E-002   2.2285017374330869E-002
         5781   2.1215014000006249E-002   2.2283217426579363E-002
         5791   2.1137561000017513E-002   2.2281317073450435E-002
         5801   2.1165607000000364E-002   2.2279416072603975E-002
         5811   2.1147817000013447E-002   2.2277452510452808E-002
         5821   2.1142475999994303E-002   2.2275520833214997E-002
         5831   2.1159898999997040E-002   2.2273615303258828E-002
         5841   2.1184263999998620E-002   2.2271785837678124E-002
         5851   2.1149527999995144E-002   2.2269880687334084E-002
         5861   2.1175336999988303E-002   2.2267995421020002E-002
         5871   2.1139769000001252E-002   2.2266111478387030E-002
         5881   2.1107249000010597E-002   2.2264243919576508E-002
         5891   2.1156802999996671E-002   2.2262383263996547E-002
         5901   2.1149040000011610E-002   2.2260506066074045E-002
         5911   2.1151736999996729E-002   2.2258642131239403E-002
         5921   2.1136689999991631E-002   2.2256777030710512E-002
         5931   2.1170180000012806E-002   2.2254906386743576E-002
         5941   2.1152775000018664E-002   2.2253047709599322E-002
         5951   2.1148682000017516E-002   2.2251213271292914E-002
         5961   2.1187491000006275E-002   2.2249389014960493E-002
         5971   2.1139726999990671E-002   2.2247561095275117E-002
         5981   2.1131800999995676E-002   2.2245754747149713E-002
         5991   2.1132894000004399E-002   2.2243989777626167E-002
         6001   2.1138494000012997E-002   2.2242162317754173E-002
         6011   2.1160680999997794E-002   2.2240437501256861E-002
         6021   2.1210655999993833E-002   2.2238666821394491E-002
         6031   2.1144018000001097E-002   2.2236875545356673E-002
         6041   2.1214631999981748E-002   2.2235514523890082E-002
         6051   2.1227740999989919E-002   2.2233872315362984E-002
         6061   2.1286924999998291E-002   2.2232248938344860E-002
         6071   2.1236885999996957E-002   2.2230575755993204E-002
         6081   2.1204522000004999E-002   2.2228991044300365E-002
         6091   2.1147040000016659E-002   2.2227220098752460E-002
         6101   2.1162407000019812E-002   2.2225549481107821E-002
         6111   2.1196253999988812E-002   2.2223790183383954E-002
         6121   2.1261830000014470E-002   2.2222244311761560E-002
         6131   2.1278122000012445E-002   2.2220693878134256E-002
         6141   2.1303677999981119E-002   2.2219243785096515E-002
         6151   2.1227660000022297E-002   2.2217728440695000E-002
         6161   2.1344586999987314E-002   2.2216263601813287E-002
         6171   2.1332212000004347E-002   2.2214811464686294E-002
         6181   2.1279469999996081E-002   2.2213330601185327E-002
         6191   2.1314860000018143E-002   2.2211500957682252E-002
         6201   2.1364883000018153E-002   2.2210147726724899E-002
         6211   2.1298522999984471E-002   2.2208689315235876E-002
         6221   2.1329501999986178E-002   2.2207277059810859E-002
         6231   2.1323721999976897E-002   2.2205865567350200E-002
         6241   2.1310230999972646E-002   2.2204407121995381E-002
         6251   2.1276459000006298E-002   2.2202965546542719E-002
         6261   2.1340366999993421E-002   2.2201556150504009E-002
         6271   2.1347899999994979E-002   2.2200132572757193E-002
         6281   2.1295225000017126E-002   2.2198725143423310E-002
         6291   1.8965153000010559E-002   2.2196034665844033E-002
         6301   2.1186782000000903E-002   2.2194052641212127E-002
         6311   2.1149896999986595E-002   2.2192422893618759E-002
         6321   2.1128371999992623E-002   2.2190755743355401E-002
         6331   2.1124349000018583E-002   2.2189112599726953E-002
         6341   2.1204909000005046E-002   2.2187480620009890E-002
         6351   2.1305683000008457E-002   2.2185984461933178E-002
         6361   2.1287994999994453E-002   2.2184595663410911E-002
         6371   2.1318406000006007E-002   2.2183223202853430E-002
         6381   2.1265596999995751E-002   2.2181830998048137E-002
         6391   2.1291432999987592E-002   2.2180458432501802E-002
         6401   2.1321440999997776E-002   2.2179095794594844E-002
         6411   2.1279367999994747E-002   2.2177722845952132E-002
         6421   2.1318724999986216E-002   2.2176361020645650E-002
         6431   2.1304634999978589E-002   2.2174989350010801E-002
         6441   2.1248227000000952E-002   2.2173631968957341E-002
         6451   2.1265806000002385E-002   2.2172265449067606E-002
         6461   2.1390324999998711E-002   2.2170931887189285E-002
         6471   2.1285446999996793E-002   2.2169582430688027E-002
         6481   2.1341524999996864E-002   2.2168257239455914E-002
         6491   2.1280128000000786E-002   2.2166912987455271E-002
         6501   2.1285398999992822E-002   2.2165587819040111E-002
         6511   2.1130190999997467E-002   2.2164032165440307E-002
         6521   2.1126774000009618E-002   2.2162462126886946E-002
         6531   2.1174396000020579E-002   2.2160942206389627E-002
         6541   2.1183999000015774E-002   2.2159551297106235E-002
         6551   2.1147639000020035E-002   2.2158004062223367E-002
         6561   2.1134736999982806E-002   2.2156479417934895E-002
         6571   2.1206081999991966E-002   2.2155001944341449E-002
         6581   2.1160062000006974E-002   2.2153504885212252E-002
         6591   2.1154185000000325E-002   2.2152014860081289E-002
         6601   2.1204654000001710E-002   2.2150533406969351E-002
         6611   2.1162742000001344E-002   2.2149016804568825E-002
         6621   2.1157512999991468E-002   2.2147515840937715E-002
         6631   2.1119363999986263E-002   2.2146024752004615E-002
         6641   2.1141107000005377E-002   2.2144562020418212E-002
         6651   2.1143687999995109E-002   2.2143080333967072E-002
         6661   2.1180467999982966E-002   2.2141611566070779E-002
         6671   2.1247149999993553E-002   2.2140137423578912E-002
         6681   2.1112719000001334E-002   2.2138655009011930E-002
         6691   2.1126989999999068E-002   2.2137150174045453E-002
         6701   2.1136286999990261E-002   2.2135677743713413E-002
         6711   2.1123154999997951E-002   2.2134193224064874E-002
         6721   1.8980083999991848E-002   2.2131737705596150E-002
         6731   2.1085163000009288E-002   2.2130254775258408E-002
         6741   2.1125323999996226E-002   2.2128783443791031E-002
         6751   2.1170122000000902E-002   2.2127329109534303E-002
         6761   2.1182439000000386E-002   2.2125920946789338E-002
         6771   2.1142631000003576E-002   2.2124469962316387E-002
         6781   2.1130636000009417E-002   2.2123041989675567E-002
         6791   2.1113097000011294E-002   2.2121610289162597E-002
         6801   2.1149143000002368E-002   2.2120173275238179E-002
         6811   2.1155499999991889E-002   2.2118741944502664E-002
         6821   2.1173431999983450E-002   2.2117311514454400E-002
         6831   2.1126163999980463E-002   2.2115880773406611E-002
         6841   2.1117887000002611E-002   2.2114456218592423E-002
         6851   2.1115762999983190E-002   2.2113032378645401E-002
         6861   2.1104823999991140E-002   2.2111593188710685E-002
         6871   2.1161646999985351E-002   2.2110175723400665E-002
         6881   2.1124278000002050E-002   2.2108733466749436E-002
         6891   2.1103373000016745E-002   2.2107326871297569E-002
         6901   2.1148518000018157E-002   2.2105930173745045E-002
         6911   1.8927394000002096E-002   2.2103264513774864E-002
         6921   2.1111249999989923E-002   2.2100918873105422E-002
         6931   2.1127932000013061E-002   2.2099519474095820E-002
         6941   2.1158015999986901E-002   2.2098135243206838E-002
         6951   2.1111811000025682E-002   2.2096735407675219E-002
         6961   2.1143164999983810E-002   2.2095353784090496E-002
         6971   2.1116382999991856E-002   2.2093963111825030E-002
         6981   2.1128810999982761E-002   2.2092571301451057E-002
         6991   2.1169440999983635E-002   2.2091207504095028E-002
         7001   2.1140243999980157E-002   2.2089846142026037E-002
         7011   2.1105182000013656E-002   2.2088550256251227E-002
         7021   2.1107196999992084E-002   2.2087203352117175E-002
         7031   2.1118579000017235E-002   2.2085858913969695E-002
         7041   2.1123604000024443E-002   2.2084519456211111E-002
         7051   2.1137124999995649E-002   2.2083187096880723E-002
         7061   2.1130760000005466E-002   2.2081848599442701E-002
         7071   2.1105124999991176E-002   2.2080489768030891E-002
         7081   2.1129370999972252E-002   2.2079156932942393E-002
         7091   2.1141615999994201E-002   2.2077848798549741E-002
         7101   2.1147619000004170E-002   2.2076532055518024E-002
         7111   2.1134627000009232E-002   2.2075205644530204E-002
         7121   2.1096405999998069E-002   2.2073269797823362E-002
         7131   2.1133004000006395E-002   2.2071970649577975E-002
         7141   2.1131703999998308E-002   2.2070642899205191E-002
         7151   2.1102012000000059E-002   2.2069330801551493E-002
         7161   2.1136751999989656E-002   2.2068028225723759E-002
         7171   2.1116197999987207E-002   2.2066725344556490E-002
         7181   2.1119909999981701E-002   2.2065428898233468E-002
         7191   2.1112243999994007E-002   2.2064143287455130E-002
         7201   2.1120259000014130E-002   2.2062834187520679E-002
         7211   2.1138503000003084E-002   2.2061561519544026E-002
         7221   2.1140874999986181E-002   2.2060278284115747E-002
         7231   2.1084006000023692E-002   2.2058992395408029E-002
         7241   2.1130932999994911E-002   2.2057710714585177E-002
         7251   2.1165530000018862E-002   2.2056482376742136E-002
         7261   2.1122957999978098E-002   2.2055227346735248E-002
         7271   2.1125911000012820E-002   2.2053962976953147E-002
         7281   2.1132242999982509E-002   2.2052718541132887E-002
         7291   2.1107813000014630E-002   2.2051470438648236E-002
         7301   2.1126717000015560E-002   2.2050203327657024E-002
         7311   2.1124429999986205E-002   2.2048957850880097E-002
         7321   2.1135840999988886E-002   2.2047707654235686E-002
         7331   2.1130052999978943E-002   2.2046465841899898E-002
         7341   1.8994810000009466E-002   2.2044624944092379E-002
         7351   2.1083664999991925E-002   2.2042481906262880E-002
         7361   2.1129478999995399E-002   2.2040939809384746E-002
         7371   2.1164045999995551E-002   2.2039714634763258E-002
         7381   2.1124844000013354E-002   2.2038504592410607E-002
         7391   2.1117774000003919E-002   2.2037281122368010E-002
         7401   2.1123958000003995E-002   2.2036061212849338E-002
         7411   2.1121355000019548E-002   2.2034839224121992E-002
         7421   2.1159215999972503E-002   2.2033620211987223E-002
         7431   2.1135652000026539E-002   2.2032406792282709E-002
         7441   2.1094787000009774E-002   2.2031210185175676E-002
         7451   1.8907145999975228E-002   2.2029718569148395E-002
         7461   2.1132312000020192E-002   2.2028506775089857E-002
         7471   2.1110569000001078E-002   2.2027313862148373E-002
         7481   2.1137731999999687E-002   2.2026165297047789E-002
         7491   2.1098120999994308E-002   2.2024978557445559E-002
         7501   2.1165936000016927E-002   2.2023799951095626E-002
         7511   2.1131916000001638E-002   2.2022604248096423E-002
         7521   2.1107779999994136E-002   2.2021399759478220E-002
         7531   2.1149887000007084E-002   2.2020235224001157E-002
         7541   1.8946556999992481E-002   2.2018513320949815E-002
         7551   1.8930050000022902E-002   2.2015296316294744E-002
         7561   2.1130850999981021E-002   2.2013538110502575E-002
         7571   2.1137871999997060E-002   2.2012073900233770E-002
         7581   2.1133494999986624E-002   2.2010928973478467E-002
         7591   2.1158667000008791E-002   2.2009793412695076E-002
         7601   2.1106260000010479E-002   2.2008619833784906E-002
         7611   2.1105115000011665E-002   2.2007481491935311E-002
         7621   2.1168850000009343E-002   2.2006333736831637E-002
         7631   2.1144154000012350E-002   2.2005189040706460E-002
         7641   2.1159780999994382E-002   2.2004057901081616E-002
         7651   2.1216121999998450E-002   2.2002659726886867E-002
         7661   2.1118896000018594E-002   2.2001238252673069E-002
         7671   2.1135667999999441E-002   2.2000112716408515E-002
         7681   2.1114572000016096E-002   2.1998999813972117E-002
         7691   2.1171842999990531E-002   2.1997899666314068E-002
         7701   2.1133205000012367E-002   2.1996777992204803E-002
         7711   2.1151959000007992E-002   2.1995672867559279E-002
         7721   2.1132727999997769E-002   2.1994590663442264E-002
         7731   2.1139771999997947E-002   2.1993483876170249E-002
         7741   2.1138675999992529E-002   2.1992380277898231E-002
         7751   2.1133477999995876E-002   2.1991292685885153E-002
         7761   2.1122314999985292E-002   2.1990194987288252E-002
         7771   2.1125465000011445E-002   2.1988824624243529E-002
         7781   2.1199897999991890E-002   2.1987746797590340E-002
         7791   2.1155475000000479E-002   2.1986638663150256E-002
         7801   2.1120188999987022E-002   2.1985550725312115E-002
         7811   2.1118714000010641E-002   2.1984458301671429E-002
         7821   2.1119158999994170E-002   2.1983370935752568E-002
         7831   2.1123426000002610E-002   2.1982296561031602E-002
         7841   2.1143452999979218E-002   2.1981235182327651E-002
         7851   2.1114460999996254E-002   2.1980147287285017E-002
         7861   2.1153014000020676E-002   2.1979080255239435E-002
         7871   2.1139897000011842E-002   2.1978016162768205E-002
         7881   2.1105850999987297E-002   2.1976942942545381E-002
         7891   2.1146221000009291E-002   2.1975883040053500E-002
         7901   2.1162556999996696E-002   2.1974816674625312E-002
         7911   2.1153953999998976E-002   2.1973746361087818E-002
         7921   2.1144802999998547E-002   2.1972728619969330E-002
         7931   2.1158298000017339E-002   2.1971716014733741E-002
         7941   2.1134150999984058E-002   2.1970701457869769E-002
         7951   2.1115594999997711E-002   2.1969657605871322E-002
         7961   2.1158093999986249E-002   2.1968666761562165E-002
         7971   2.1132945999994490E-002   2.1967637098745916E-002
         7981   1.8937520999998014E-002   2.1966067993973833E-002
         7991   2.1147532999975738E-002   2.1964765885661056E-002
         8001   2.1172546999991937E-002   2.1963744278557108E-002
         8011   2.1203566999986379E-002   2.1962816125470352E-002
         8021   2.1173645999994051E-002   2.1961836109578310E-002
         8031   2.1161421000016389E-002   2.1960818579222566E-002
         8041   2.1140626000004659E-002   2.1959819335561268E-002
         8051   2.1160873000013680E-002   2.1958816303755391E-002
         8061   2.1149667000003092E-002   2.1957806903887340E-002
         8071   2.1164927000000944E-002   2.1956811144739029E-002
         8081   2.1202183000013974E-002   2.1955829887854463E-002
         8091   2.1152998999980355E-002   2.1954834743848645E-002
         8101   2.1172859000017752E-002   2.1953857872630982E-002
         8111   2.1138044000025502E-002   2.1952867539074182E-002
         8121   2.1183738000019048E-002   2.1951897812255143E-002
         8131   2.1149638999986564E-002   2.1950916498506660E-002
         8141   2.1214786999991020E-002   2.1949964239609716E-002
         8151   2.1158507000023974E-002   2.1948994223428140E-002
         8161   2.1177262999998447E-002   2.1948044885425143E-002
         8171   1.8970418000009204E-002   2.1946271736158859E-002
         8181   2.1119741999996222E-002   2.1943928250606152E-002
         8191   2.1148583000012877E-002   2.1942464951262192E-002
         8201   2.1146361000006664E-002   2.1941221531645499E-002
         8211   2.1142293999986350E-002   2.1940262367158646E-002
         8221   2.1173474999983455E-002   2.1939307865766419E-002
         8231   2.1153271000002860E-002   2.1938339330534032E-002
         8241   2.1161291999987952E-002   2.1937401262419286E-002
