33
1.0000000000e+00 0.0000000000e+00 0.0000000000e+00
9.9325760000e-01 9.5151963000e-04 6.8092104804e-03
9.8118510000e-01 2.6358450000e-03 1.8998640664e-02
9.5988530000e-01 5.5484139000e-03 4.0496653075e-02
9.2326650000e-01 1.0387033000e-02 7.7433744843e-02
8.6303290000e-01 1.7911720000e-02 1.3813553628e-01
7.7081850000e-01 2.8459979000e-02 2.3095127490e-01
6.4408740000e-01 4.1074723000e-02 3.5830865974e-01
4.9348640000e-01 5.2758895000e-02 5.0936222996e-01
3.4257870000e-01 5.9226624000e-02 6.6040846605e-01
2.1524780000e-01 5.7922719000e-02 7.8774604206e-01
1.2278770000e-01 5.0120429000e-02 8.8053475808e-01
6.3124100000e-02 3.9114275000e-02 9.4120501925e-01
2.8090700000e-02 2.7538590000e-02 9.7810130089e-01
9.5990000000e-03 1.6697409000e-02 9.9953664960e-01
1.8071000000e-03 7.4333586000e-03 1.0116418689e+00
2.6000000000e-05 9.0556610000e-04 1.0184082854e+00
1.0815000000e-03 -5.7749262000e-03 1.0251716469e+00
8.2333000000e-03 -1.5518059000e-02 1.0372578737e+00
2.6461600000e-02 -2.6803090000e-02 1.0586966901e+00
6.1432500000e-02 -3.8681528000e-02 1.0956298883e+00
1.2114450000e-01 -4.9900249000e-02 1.1563866381e+00
2.1375570000e-01 -5.7853823000e-02 1.2493387425e+00
3.4134380000e-01 -5.9249692000e-02 1.3769344780e+00
4.9258260000e-01 -5.2815676000e-02 1.5283100744e+00
6.4351370000e-01 -4.1126597000e-02 1.6796931366e+00
7.7050290000e-01 -2.8494129000e-02 1.8073091080e+00
8.6288070000e-01 -1.7930075000e-02 1.9002889831e+00
9.2320190000e-01 -1.0395387000e-02 1.9610789386e+00
9.5986170000e-01 -5.5516028000e-03 1.9980573537e+00
9.8117830000e-01 -2.6367872000e-03 2.0195723156e+00
9.9325650000e-01 -9.5167574000e-04 2.0317674997e+00
1.0000000000e+00 7.1388996000e-20 2.0385778212e+00
1.0000000000e+00 -9.9015677968e-01 0.0000000000e+00 -6.7808303064e-01 0.0000000000e+00 1.3996339038e-01 0.0000000000e+00 -4.8162804111e+00
9.9325760000e-01 -9.9025109835e-01 -1.3851630237e-02 8.5434621294e-02 9.5151963000e-04 1.3929346484e-01 -9.8385201155e-02 5.7184979305e-01
9.8118510000e-01 -9.9055070311e-01 -1.0727432182e-02 2.9337206604e-03 2.6358450000e-03 1.3714984588e-01 -7.7473631771e-02 -7.5107179629e-03
9.5988530000e-01 -9.9100787247e-01 -1.0538224692e-02 1.0448269515e-02 5.5484139000e-03 1.3380837412e-01 -7.7958028295e-02 4.9386656787e-02
9.2326650000e-01 -9.9174360996e-01 -9.3804386228e-03 7.0548265315e-03 1.0387033000e-02 1.2825143030e-01 -7.2485429873e-02 2.9879206700e-02
8.6303290000e-01 -9.9280444391e-01 -8.0957167966e-03 4.0276282241e-03 1.7911720000e-02 1.1978172782e-01 -6.7044265753e-02 1.0255074498e-02
7.7081850000e-01 -9.9420317261e-01 -6.9742349311e-03 5.5064488463e-04 2.8459979000e-02 1.0760123678e-01 -6.4188768811e-02 -2.3203717664e-02
6.4408740000e-01 -9.9595281903e-01 -6.7638488537e-03 -1.2879153114e-03 4.1074723000e-02 9.0122323135e-02 -7.3054263212e-02 -7.6084560463e-02
4.9348640000e-01 -9.9808438586e-01 -7.3474814715e-03 4.8815329087e-03 5.2758895000e-02 6.2844002999e-02 -1.0753279670e-01 -1.6577047803e-01
3.4257870000e-01 -9.9996988868e-01 -5.1354699548e-03 4.1705859413e-02 5.9226624000e-02 1.9013011422e-02 -1.8264981698e-01 -3.6969653468e-01
2.1524780000e-01 -9.9924900148e-01 1.0796699174e-02 2.0775772437e-01 5.7922719000e-02 -4.5487089214e-02 -3.2387859874e-01 -9.9274205992e-01
1.2278770000e-01 -9.9187915417e-01 6.8629416638e-02 1.1702967214e+00 5.0120429000e-02 -1.3123341827e-01 -6.0022438198e-01 -3.7382859154e+00
6.3124100000e-02 -9.7062845745e-01 2.8163603985e-01 7.8796292757e+00 3.9114275000e-02 -2.4534551051e-01 -1.2806327305e+00 -1.5528660875e+01
2.8090700000e-02 -9.1766535264e-01 1.1538231028e+00 6.5857003849e+01 2.7538590000e-02 -4.0326583886e-01 -2.9994822658e+00 -8.3140764059e+01
9.5990000000e-03 -7.7742137412e-01 5.3888266305e+00 4.6751148966e+02 1.6697409000e-02 -6.4645883726e-01 -8.3459360749e+00 -1.2151024256e+02
1.8071000000e-03 -4.4143325596e-01 2.2366814018e+01 5.8674134940e+02 7.4333586000e-03 -9.0193460792e-01 -1.2758660492e+01 5.1395138552e+02
2.6000000000e-05 -5.8156109434e-02 3.4277223047e+01 -3.8501332499e+02 9.0556610000e-04 -1.0040025741e+00 -2.3258331000e+00 6.9924656792e+02
1.0815000000e-03 3.5266732592e-01 2.6465270248e+01 -5.5314148295e+02 -5.7749262000e-03 -9.3950644567e-01 1.1861938670e+01 -6.8421687153e+01
8.2333000000e-03 7.4999430072e-01 6.4090898822e+00 -8.0827359321e+01 -1.5518059000e-02 -6.8275876162e-01 9.3810585680e+00 -9.7347529856e+01
2.6461600000e-02 9.1335059968e-01 1.2105611498e+00 -8.2045509861e+00 -2.6803090000e-02 -4.1475062445e-01 3.1200111302e+00 -1.6202278668e+01
6.1432500000e-02 9.6919586225e-01 3.0150022442e-01 -1.2758506007e+00 -3.8681528000e-02 -2.5058934090e-01 1.3248052177e+00 -3.9419665087e+00
1.2114450000e-01 9.9170325135e-01 6.8950617275e-02 -2.0600278802e-01 -4.9900249000e-02 -1.3326154291e-01 6.0630199914e-01 -1.0025206238e+00
2.1375570000e-01 9.9918181112e-01 1.1505439323e-02 -4.3591399693e-02 -5.7853823000e-02 -4.6533065908e-02 3.2674279421e-01 -3.7453608692e-01
3.4134380000e-01 9.9998880930e-01 -5.1807907901e-03 -4.7241833844e-03 -5.9249692000e-02 1.8555811144e-02 1.8337517179e-01 -1.6629955391e-01
4.9258260000e-01 9.9809556080e-01 -7.3261690221e-03 1.2193631915e-03 -5.2815676000e-02 6.2640814237e-02 1.0785408933e-01 -7.6487873377e-02
6.4351370000e-01 9.9596127682e-01 -6.7723962206e-03 -5.1566038034e-04 -4.1126597000e-02 9.0036799738e-02 7.3117183854e-02 -2.3307210547e-02
7.7050290000e-01 9.9420755109e-01 -6.9698157217e-03 -4.0282572535e-03 -2.8494129000e-02 1.0755990839e-01 6.4194066908e-02 1.0167431902e-02
8.6288070000e-01 9.9280696994e-01 -8.0934562904e-03 -7.0459716666e-03 -1.7930075000e-02 1.1976112123e-01 6.7030166552e-02 2.9870490501e-02
9.2320190000e-01 9.9174485480e-01 -9.3784292031e-03 -1.0457845778e-02 -1.0395387000e-02 1.2824179482e-01 7.2477643919e-02 4.9436366779e-02
9.5986170000e-01 9.9100835563e-01 -1.0538572889e-02 -2.8893811344e-03 -5.5516028000e-03 1.3380480996e-01 7.7961879391e-02 -7.8161493758e-03
9.8117830000e-01 9.9055086921e-01 -1.0725067664e-02 -8.5558535410e-02 -2.6367872000e-03 1.3714864955e-01 7.7457386923e-02 5.7273501026e-01
9.9325650000e-01 9.9025110742e-01 -1.3855273943e-02 6.7815075192e-01 -9.5167574000e-04 1.3929339952e-01 9.8411213640e-02 -4.8167678822e+00
