# x   y - segmento 2 (x >= 0.07)
7.0746791390e-02 -3.5562222937e-02
7.2539692515e-02 -3.5991695706e-02
7.4351459037e-02 -3.6417990314e-02
7.6182155961e-02 -3.6841138418e-02
7.8031850686e-02 -3.7261159511e-02
7.9900608227e-02 -3.7678084981e-02
8.1788490373e-02 -3.8091957219e-02
8.3695556984e-02 -3.8502832760e-02
8.5621870160e-02 -3.8910752833e-02
8.7567507032e-02 -3.9315687989e-02
8.9532539875e-02 -3.9717627298e-02
9.1517021305e-02 -4.0116657371e-02
9.3521003617e-02 -4.0512859870e-02
9.5544561455e-02 -4.0906205589e-02
9.7587769879e-02 -4.1296656688e-02
9.9650690971e-02 -4.1684240434e-02
1.0173338376e-01 -4.2068990952e-02
1.0383592329e-01 -4.2450852546e-02
1.0595838741e-01 -4.2829745332e-02
1.0810084114e-01 -4.3205654422e-02
1.1026334195e-01 -4.3578596933e-02
1.1244595480e-01 -4.3948540248e-02
1.1464874941e-01 -4.4315415243e-02
1.1687179240e-01 -4.4679160395e-02
1.1911514699e-01 -4.5039723496e-02
1.2137887726e-01 -4.5397032732e-02
1.2366305161e-01 -4.5750977102e-02
1.2596773492e-01 -4.6101452835e-02
1.2829298419e-01 -4.6448394431e-02
1.3063885344e-01 -4.6791739053e-02
1.3300540115e-01 -4.7131379144e-02
1.3539268572e-01 -4.7467190069e-02
1.3780075975e-01 -4.7799071333e-02
1.4022967046e-01 -4.8126942299e-02
1.4267946544e-01 -4.8450698616e-02
1.4515019518e-01 -4.8770194801e-02
1.4764190568e-01 -4.9085297756e-02
1.5015463243e-01 -4.9395937973e-02
1.5268840655e-01 -4.9702056679e-02
1.5524326369e-01 -5.0003536373e-02
1.5781924067e-01 -5.0300226161e-02
1.6041636704e-01 -5.0592013108e-02
1.6303466345e-01 -5.0878837622e-02
1.6567414833e-01 -5.1160631526e-02
1.6833484322e-01 -5.1437275781e-02
1.7101676728e-01 -5.1708643229e-02
1.7371993320e-01 -5.1974642831e-02
1.7644434811e-01 -5.2235207593e-02
1.7919001709e-01 -5.2490260305e-02
1.8195694459e-01 -5.2739703303e-02
1.8474513152e-01 -5.2983440912e-02
1.8755457462e-01 -5.3221393973e-02
1.9038526668e-01 -5.3453490270e-02
1.9323719819e-01 -5.3679649756e-02
1.9611035743e-01 -5.3899783735e-02
1.9900472911e-01 -5.4113804845e-02
2.0192029505e-01 -5.4321627437e-02
2.0485703338e-01 -5.4523166895e-02
2.0781491993e-01 -5.4718326280e-02
2.1079392778e-01 -5.4906999280e-02
2.1379402585e-01 -5.5089090189e-02
2.1681517854e-01 -5.5264530418e-02
2.1985734637e-01 -5.5433253903e-02
2.2292048922e-01 -5.5595145115e-02
2.2600456523e-01 -5.5750055318e-02
2.2910952790e-01 -5.5897853837e-02
2.3223532499e-01 -5.6038456673e-02
2.3538190002e-01 -5.6171785541e-02
2.3854919480e-01 -5.6297723443e-02
2.4173714861e-01 -5.6416127395e-02
2.4494569656e-01 -5.6526859409e-02
2.4817476935e-01 -5.6629796165e-02
2.5142429355e-01 -5.6724817397e-02
2.5469419213e-01 -5.6811800874e-02
2.5798438431e-01 -5.6890623060e-02
2.6129478535e-01 -5.6961156087e-02
2.6462530701e-01 -5.7023254852e-02
2.6797585702e-01 -5.7076770965e-02
2.7134633893e-01 -5.7121563997e-02
2.7473665212e-01 -5.7157502114e-02
2.7814669183e-01 -5.7184456151e-02
2.8157634954e-01 -5.7202305368e-02
2.8502551263e-01 -5.7210932703e-02
2.8849406456e-01 -5.7210215406e-02
2.9198188500e-01 -5.7200020341e-02
2.9548884950e-01 -5.7180214384e-02
2.9901482958e-01 -5.7150666394e-02
3.0255969267e-01 -5.7111246913e-02
3.0612330246e-01 -5.7061838351e-02
3.0970551970e-01 -5.7002357391e-02
3.1330620128e-01 -5.6932728460e-02
3.1692519967e-01 -5.6852845467e-02
3.2056236288e-01 -5.6762566846e-02
3.2421753515e-01 -5.6661758615e-02
3.2789055904e-01 -5.6550349617e-02
3.3158127420e-01 -5.6428298482e-02
3.3528951609e-01 -5.6295549393e-02
3.3901511573e-01 -5.6152002872e-02
3.4275790017e-01 -5.5997555367e-02
3.4651769451e-01 -5.5832135388e-02
3.5029432199e-01 -5.5655705985e-02
3.5408760228e-01 -5.5468232924e-02
3.5789735160e-01 -5.5269666178e-02
3.6172338265e-01 -5.5059950200e-02
3.6556550592e-01 -5.4839047960e-02
3.6942353254e-01 -5.4606972055e-02
3.7329727102e-01 -5.4363747900e-02
3.7718652599e-01 -5.4109381028e-02
3.8109109803e-01 -5.3843847872e-02
3.8501078486e-01 -5.3567130913e-02
3.8894538650e-01 -5.3279271574e-02
3.9289470352e-01 -5.2980352325e-02
3.9685853365e-01 -5.2670456018e-02
4.0083667183e-01 -5.2349640365e-02
4.0482891024e-01 -5.2017958624e-02
4.0883503944e-01 -5.1675473508e-02
4.1285485016e-01 -5.1322263461e-02
4.1688813100e-01 -5.0958413989e-02
4.2093467038e-01 -5.0584023810e-02
4.2499425717e-01 -5.0199206935e-02
4.2906667808e-01 -4.9804081498e-02
4.3315171668e-01 -4.9398743949e-02
4.3724915377e-01 -4.8983276966e-02
4.4135876892e-01 -4.8557773418e-02
4.4548034577e-01 -4.8122367599e-02
4.4961366883e-01 -4.7677213190e-02
4.5375852024e-01 -4.7222453522e-02
4.5791467715e-01 -4.6758183354e-02
4.6208191472e-01 -4.6284490382e-02
4.6626000916e-01 -4.5801478292e-02
4.7044873984e-01 -4.5309278591e-02
4.7464788579e-01 -4.4808029638e-02
4.7885722483e-01 -4.4297861402e-02
4.8307653362e-01 -4.3778892282e-02
4.8730558819e-01 -4.3251243676e-02
4.9154416534e-01 -4.2715042160e-02
4.9579204245e-01 -4.2170419164e-02
5.0004899676e-01 -4.1617510492e-02
5.0431480733e-01 -4.1056461172e-02
5.0858925415e-01 -4.0487422851e-02
5.1287211694e-01 -3.9910548216e-02
5.1716317466e-01 -3.9325978465e-02
5.2146220601e-01 -3.8733852740e-02
5.2576899141e-01 -3.8134322561e-02
5.3008331780e-01 -3.7527578185e-02
5.3440497395e-01 -3.6913821898e-02
5.3873374788e-01 -3.6293248349e-02
5.4306942515e-01 -3.5666025474e-02
5.4741179125e-01 -3.5032319183e-02
5.5176063477e-01 -3.4392311989e-02
5.5611575006e-01 -3.3746216538e-02
5.6047693271e-01 -3.3094251647e-02
5.6484397998e-01 -3.2436639940e-02
5.6921669135e-01 -3.1773608214e-02
5.7359486721e-01 -3.1105385858e-02
5.7797830869e-01 -3.0432198556e-02
5.8236681761e-01 -2.9754267012e-02
5.8676019691e-01 -2.9071814456e-02
5.9115825367e-01 -2.8385081081e-02
5.9556079895e-01 -2.7694323221e-02
5.9996764533e-01 -2.6999800794e-02
6.0437860959e-01 -2.6301789799e-02
6.0879351218e-01 -2.5600579075e-02
6.1321217470e-01 -2.4896458088e-02
6.1763441794e-01 -2.4189700341e-02
6.2206006268e-01 -2.3480569493e-02
6.2648893184e-01 -2.2769334892e-02
6.3092085700e-01 -2.2056308960e-02
6.3535567512e-01 -2.1341827938e-02
6.3979322475e-01 -2.0626229312e-02
6.4423334601e-01 -1.9909850115e-02
6.4867588065e-01 -1.9193027610e-02
6.5312067276e-01 -1.8476104364e-02
6.5756757252e-01 -1.7759452091e-02
6.6201643354e-01 -1.7043454098e-02
6.6646711188e-01 -1.6328499566e-02
6.7091946930e-01 -1.5615006603e-02
6.7537337060e-01 -1.4903402903e-02
6.7982868381e-01 -1.4194127463e-02
6.8428528530e-01 -1.3487669489e-02
6.8874305507e-01 -1.2784531923e-02
6.9320187546e-01 -1.2085225058e-02
6.9766163056e-01 -1.1390288172e-02
7.0212217872e-01 -1.0700270860e-02
7.0658333629e-01 -1.0015747410e-02
7.1104488071e-01 -9.3373565417e-03
7.1550654640e-01 -8.6657530059e-03
7.1996802432e-01 -8.0016146739e-03
7.2442896297e-01 -7.3456721140e-03
7.2888896723e-01 -6.6986654324e-03
7.3334759600e-01 -6.0613449298e-03
7.3780435987e-01 -5.4344804212e-03
7.4225872570e-01 -4.8188422960e-03
7.4671011614e-01 -4.2152289370e-03
7.5115790904e-01 -3.6244861265e-03
7.5560144009e-01 -3.0474567819e-03
7.6003999534e-01 -2.4849743922e-03
7.6447280929e-01 -1.9378611363e-03
7.6889907591e-01 -1.4069250239e-03
7.7331793893e-01 -8.9295261405e-04
7.7772849293e-01 -3.9670680689e-04
7.8212979520e-01 8.1072437254e-05
7.8652085190e-01 5.3970113247e-04
7.9090062386e-01 9.7854517875e-04
7.9526803934e-01 1.3969982453e-03
7.9962198171e-01 1.7944916682e-03
8.0396129875e-01 2.1704923073e-03
8.0828481020e-01 2.5245194822e-03
8.1259128905e-01 2.8562601984e-03
8.1687947929e-01 3.1654878403e-03
8.2114810598e-01 3.4520155567e-03
8.2539586785e-01 3.7157244340e-03
8.2962144975e-01 3.9565383916e-03
8.3382352466e-01 4.1744552430e-03
8.3800074726e-01 4.3696307212e-03
8.4215176877e-01 4.5422736305e-03
8.4627524043e-01 4.6926700316e-03
8.5036981400e-01 4.8212374337e-03
8.5443414954e-01 4.9284282845e-03
8.5846691968e-01 5.0147394912e-03
8.6246681289e-01 5.0807230620e-03
8.6643253614e-01 5.1269520649e-03
8.7036282030e-01 5.1540918617e-03
8.7425642323e-01 5.1629006386e-03
8.7811213040e-01 5.1541441887e-03
8.8192876287e-01 5.1286067211e-03
8.8570517844e-01 5.0870842923e-03
8.8944027050e-01 5.0303719670e-03
8.9313297594e-01 4.9592881745e-03
8.9678227448e-01 4.8746583194e-03
9.0038718820e-01 4.7772981985e-03
9.0394678904e-01 4.6680250652e-03
9.0746019649e-01 4.5476461989e-03
9.1092657758e-01 4.4169480058e-03
9.1434515195e-01 4.2766837458e-03
9.1771518982e-01 4.1275840099e-03
9.2103601279e-01 3.9703553403e-03
9.2430699678e-01 3.8056684609e-03
9.2752757058e-01 3.6341718603e-03
9.3069721667e-01 3.4564883780e-03
9.3381547261e-01 3.2732066138e-03
9.3688193004e-01 3.0848944017e-03
9.3989623482e-01 2.8920904997e-03
9.4285808724e-01 2.6952982954e-03
9.4576724156e-01 2.4950022862e-03
9.4862350543e-01 2.2916579018e-03
9.5142673947e-01 2.0856905569e-03
9.5417685692e-01 1.8775095061e-03
9.5687382281e-01 1.6675018289e-03
9.5951765307e-01 1.4560347030e-03
9.6210841339e-01 1.2434577368e-03
9.6464621650e-01 1.0300829843e-03
9.6713122214e-01 8.1620091666e-04
9.6956363629e-01 6.0208934707e-04
9.7194370903e-01 3.8800841249e-04
9.7427173383e-01 1.7420736484e-04
9.7654804702e-01 -3.9064210064e-05
9.7877302603e-01 -2.5155583756e-04
9.8094708478e-01 -4.6304545079e-04
9.8307066457e-01 -6.7340924802e-04
9.8514423961e-01 -8.8255006347e-04
9.8716832198e-01 -1.0903241473e-03
9.8914345871e-01 -1.2965528011e-03
9.9107022078e-01 -1.5011138541e-03
9.9294919905e-01 -1.7039607504e-03
9.9478099315e-01 -1.9051908892e-03
9.9656622766e-01 -2.1048861299e-03
9.9830563822e-01 -2.3023454752e-03
1.0000000000e+00 -2.4967000000e-03
