NACA TBL
1.000000000000   -0.000000000000 
0.999753104117   0.000069818957  
0.999012631706   0.000279053182  
0.997779228556   0.000627035928  
0.996053971232   0.001112659869  
0.993838367445   0.001734382952  
0.991134356520   0.002490236474  
0.987944309968   0.003377835330  
0.984271032088   0.004394390288  
0.980117760587   0.005536722171  
0.975488167145   0.006801277792  
0.970386357886   0.008184147457  
0.964816873693   0.009681083857  
0.958784690307   0.011287522153  
0.952295218158   0.012998601038  
0.945354301862   0.014809184568  
0.937968219327   0.016713884551  
0.930143680429   0.018707083264  
0.921887825186   0.020782956320  
0.913208221411   0.022935495441  
0.904112861791   0.025158530991  
0.894610160363   0.027445754055  
0.884708948370   0.029790737927  
0.874418469475   0.032186958855  
0.863748374330   0.034627815923  
0.852708714494   0.037106649971  
0.841309935704   0.039616761475  
0.829562870526   0.042151427346  
0.817478730379   0.044703916603  
0.805069096983   0.047267504939  
0.792345913235   0.049835488185  
0.779321473557   0.052401194727  
0.766008413743   0.054957996943  
0.752419700333   0.057499321744  
0.738568619552   0.060018660324  
0.724468765842   0.062509577248  
0.710134030006   0.064965718990  
0.695578587002   0.067380822096  
0.680816883387   0.069748721082  
0.665863624436   0.072063356246  
0.650733760946   0.074318781533  
0.635442475707   0.076509172590  
0.620005169665   0.078628835156  
0.604437447733   0.080672213912  
0.588755104263   0.082633901889  
0.572974108144   0.084508650534  
0.557110587497   0.086291380502  
0.541180813956   0.087977193218  
0.525201186492   0.089561383227  
0.509188214756   0.091039451342  
0.493158501913   0.092407118536  
0.477128726942   0.093660340529  
0.461115626383   0.094795322986  
0.445135975506   0.095808537197  
0.429206568906   0.096696736097  
0.413344200521   0.097456970472  
0.397526864479   0.098085769270  
0.381596512089   0.098537056032  
0.365781584032   0.098785226900  
0.350100119755   0.098830443040  
0.334570079652   0.098673523842  
0.319209311229   0.098315949999  
0.304035514542   0.097759863615  
0.289066207130   0.097008065159  
0.274318688675   0.096064007046  
0.259810005642   0.094931783707  
0.245556916150   0.093616118002  
0.231575855358   0.092122343887  
0.217882901623   0.090456385256  
0.204493743707   0.088624730950  
0.191423649283   0.086634405937  
0.178687434997   0.084492938713  
0.166299438307   0.082208325037  
0.154273491315   0.079788988112  
0.142622896764   0.077243735417  
0.131360406371   0.074581712387  
0.120498201600   0.071812353196  
0.110047876973   0.068945328951  
0.100020425976   0.065990493589  
0.090426229567   0.062957827856  
0.081275047274   0.059857381728  
0.072576010821   0.056699215674  
0.064337620208   0.053493341188  
0.056567742094   0.050249661011  
0.049273610365   0.046977909492  
0.043684945231   0.044278399299  
 0.043659797919   0.044335207514 
 0.043460516764   0.044663942623 
 0.043220833991   0.044964495314 
 0.042944685186   0.045231930518 
 0.042636604704   0.045461856958 
 0.042301651217   0.045650499247 
 0.041945324654   0.045794759884 
 0.041573475886   0.045892270114 
 0.041192210660   0.045941428821 
 0.040807789340   0.045941428821 
 0.040426524114   0.045892270114 
 0.040054675346   0.045794759884 
 0.039698348783   0.045650499247 
 0.039363395296   0.045461856958 
 0.039055314814   0.045231930518 
 0.038779166009   0.044964495314 
 0.038539483236   0.044663942623 
 0.038340202081   0.044335207514 
 0.038184594734   0.043983687806 
 0.038075216263   0.043615155445 
 0.038013862661   0.043235661721 
 0.038001541351   0.042851437910 
 0.038038454650   0.042468792958 
 0.038123996441   0.042094009883 
 0.038256762131   0.041733242614 
0.038355139884   0.041544670880  
0.036138374774   0.040387934541  
0.030308606413   0.037087811928  
0.024977268543   0.033795708432  
0.023491187212   0.032787484662  
 0.023460516764   0.032838078773 
 0.023220833991   0.033138631464 
 0.022944685186   0.033406066668 
 0.022636604704   0.033635993108 
 0.022301651217   0.033824635397 
 0.021945324654   0.033968896034 
 0.021573475886   0.034066406264 
 0.021192210660   0.034115564971 
 0.020807789340   0.034115564971 
 0.020426524114   0.034066406264 
 0.020054675346   0.033968896034 
 0.019698348783   0.033824635397 
 0.019363395296   0.033635993108 
 0.019055314814   0.033406066668 
 0.018779166009   0.033138631464 
 0.018539483236   0.032838078773 
 0.018340202081   0.032509343664 
 0.018184594734   0.032157823956 
 0.018075216263   0.031789291595 
 0.018013862661   0.031409797871 
 0.018001541351   0.031025574060 
 0.018038454650   0.030642929108 
 0.018123996441   0.030268146033 
 0.018256762131   0.029907378764 
 0.018434571711   0.029566551088 
0.018588503051   0.029345878937  
0.015825850660   0.027267195522  
0.012012275010   0.024045311917  
0.008710158224   0.020860409811  
0.005921318164   0.017718265283  
0.003647016867   0.014623992911  
0.002151959753   0.012038541497  
 0.001945324654   0.012122198777 
 0.001573475886   0.012219709007 
 0.001192210660   0.012268867714 
 0.000807789340   0.012268867714 
 0.000426524114   0.012219709007 
 0.000054675346   0.012122198777 
 -0.000301651217   0.011977938140
 -0.000636604704   0.011789295851
 -0.000944685186   0.011559369411
 -0.001220833991   0.011291934207
 -0.001460516764   0.010991381516
 -0.001659797919   0.010662646407
 -0.001815405266   0.010311126699
 -0.001924783737   0.009942594338
 -0.001986137339   0.009563100614
 -0.001998458649   0.009178876803
 -0.001961545350   0.008796231851
 -0.001876003559   0.008421448776
 -0.001743237869   0.008060681507
 -0.001565428289   0.007719853831
 -0.001345494447   0.007404562130
 -0.001087047652   0.007119983486
 -0.000794331591   0.006870790670
 -0.000472152656   0.006661075424
 -0.000125801015   0.006494281264
0.000102372979   0.006418522278  
-0.000084175888   0.005669028210 
-0.000298498526   0.002803199033 
 0.000000000000   0.000000000000 
 0.000801956143   -0.002702539194
 0.002097499416   -0.005266870188
 0.003883721344   -0.007692985606
 0.006157217111   -0.009981068635
 0.008914094456   -0.012131493336
 0.012149984574   -0.014144826233
 0.015860054891   -0.016021829109
 0.020039023594   -0.017763462914
 0.024681175726   -0.019370892644
 0.029780380650   -0.020845493063
 0.035330110671   -0.022188855088
 0.041323460571   -0.023402792659
 0.047753167794   -0.024489349891
 0.054611633040   -0.025450808306
 0.061890940980   -0.026289693907
 0.069582880836   -0.027008783883
 0.077678966557   -0.027611112699
 0.086170456348   -0.028099977345
 0.095048371296   -0.028478941506
 0.104303512901   -0.028751838438
 0.113926479281   -0.028922772321
 0.123907679908   -0.028996117899
 0.134237348724   -0.028976518206
 0.144905555524   -0.028868880220
 0.155902215530   -0.028678368292
 0.167217097128   -0.028410395230
 0.178839827747   -0.028070610947
 0.190759897919   -0.027664888605
 0.202966663579   -0.027199308224
 0.215449346722   -0.026680137764
 0.228197034511   -0.026113811706
 0.241198677032   -0.025506907219
 0.254443083850   -0.024866118002
 0.267918919585   -0.024198225976
 0.281614698719   -0.023510070969
 0.295518779869   -0.022808518637
 0.309619359765   -0.022100426849
 0.323904467179   -0.021392610814
 0.338361957030   -0.020691807255
 0.352979504917   -0.020004637934
 0.367744602278   -0.019337572888
 0.382644552401   -0.018696893716
 0.397666467456   -0.018088657277
 0.413007621812   -0.017495549280
 0.428478592820   -0.016881601535
 0.444025824593   -0.016250194230
 0.459634416760   -0.015605354815
 0.475289357234   -0.014950966772
 0.490975534252   -0.014290748717
 0.506677749079   -0.013628235473
 0.522380729332   -0.012966761285
 0.538069142901   -0.012309445351
 0.553727612404   -0.011659179753
 0.569340730130   -0.011018619895
 0.584893073404   -0.010390177482
 0.600369220332   -0.009776016051
 0.615753765844   -0.009178049038
 0.631031337983   -0.008597940304
 0.646186614383   -0.008037107056
 0.661204338881   -0.007496725021
 0.676069338205   -0.006977735737
 0.690766538691   -0.006480855786
 0.705280982996   -0.006006587781
 0.719597846764   -0.005555232885
 0.733702455220   -0.005126904656
 0.747580299667   -0.004721543966
 0.761217053867   -0.004338934762
 0.774598590309   -0.003978720432
 0.787710996336   -0.003640420528
 0.800540590155   -0.003323447607
 0.813073936706   -0.003027123981
 0.825297863420   -0.002750698148
 0.837199475853   -0.002493360708
 0.848766173213   -0.002254259591
 0.859985663775   -0.002032514432
 0.870845980201   -0.001827229956
 0.881335494749   -0.001637508265
 0.891442934379   -0.001462459924
 0.901157395740   -0.001301213806
 0.910468360019   -0.001152925628
 0.919365707646   -0.001016785188
 0.927839732806   -0.000892022302
 0.935881157742   -0.000777911475
 0.943481146793   -0.000673775360
 0.950631320128   -0.000578987086
 0.957323767125   -0.000492971528
 0.963551059324   -0.000415205649
 0.969306262900   -0.000345218006
 0.974582950596   -0.000282587563
 0.979375213027   -0.000226941941
 0.983677669308   -0.000177955237
 0.987485476918   -0.000135345547
 0.990794340743   -0.000098872331
 0.993600521232   -0.000068333749
 0.995900841599   -0.000043564082
 0.997692694017   -0.000024431353
 0.998974044766   -0.000010835238
 1.000000000000   -0.000000000000
