OAT15_refined
                       1    -0.0024967000000000001
     0.99830563821999996    -0.0023023454751999999
     0.99656622766000003    -0.0021048861298999999
     0.99478099315000001    -0.0019051908892000001
     0.99294919905000001          -0.0017039607504
     0.99107022077999996          -0.0015011138541
     0.98914345870999998          -0.0012965528011
     0.98716832198000004          -0.0010903241473
     0.98514423960999997   -0.00088255006347000005
     0.98307066457000003   -0.00067340924801999997
     0.98094708478000003   -0.00046304545078999998
     0.97877302603000005   -0.00025155583756000002
     0.97654804701999998   -3.9064210063999999e-05
     0.97427173382999999    0.00017420736483999999
     0.97194370903000005    0.00038800841249000002
     0.96956363628999997    0.00060208934707000001
     0.96713122214000002    0.00081620091665999997
     0.96464621650000004     0.0010300829843000001
     0.96210841338999997           0.0012434577368
     0.95951765307000003     0.0014560347029999999
           0.95687382281     0.0016675018288999999
     0.95417685691999998     0.0018775095061000001
           0.95142673947     0.0020856905568999999
     0.94862350542999996           0.0022916579018
     0.94576724156000003           0.0024950022862
     0.94285808723999998     0.0026952982954000001
     0.93989623481999995     0.0028920904997000001
     0.93688193003999998           0.0030848944017
     0.93381547260999997     0.0032732066137999998
     0.93069721667000005            0.003456488378
     0.92752757058000002     0.0036341718602999999
     0.92430699677999995     0.0038056684608999999
     0.92103601279000002           0.0039703553403
           0.91771518982     0.0041275840099000002
     0.91434515194999999     0.0042766837457999998
     0.91092657757999995     0.0044169480057999998
     0.90746019648999998     0.0045476461988999996
     0.90394678904000003           0.0046680250652
     0.90038718819999997     0.0047772981985000004
     0.89678227448000003           0.0048746583194
     0.89313297593999996     0.0049592881744999996
     0.88944027049999996     0.0050303719669999997
     0.88570517843999996     0.0050870842922999997
     0.88192876286999999           0.0051286067211
     0.87811213040000002     0.0051541441887000003
     0.87425642322999997     0.0051629006385999999
     0.87036282030000001           0.0051540918617
     0.86643253614000004           0.0051269520649
     0.86246681289000005     0.0050807230620000003
           0.85846691968     0.0050147394911999998
     0.85443414953999997     0.0049284282845000003
             0.850369814     0.0048212374337000003
     0.84627524043000002     0.0046926700315999999
     0.84215176876999998     0.0045422736304999997
     0.83800074725999996     0.0043696307212000001
     0.83382352465999998            0.004174455243
     0.82962144974999996     0.0039565383915999997
     0.82539586784999996     0.0037157244340000001
     0.82114810597999999           0.0034520155567
     0.81687947929000004           0.0031654878403
           0.81259128905     0.0028562601984000002
     0.80828481019999998     0.0025245194821999998
           0.80396129875     0.0021704923073000001
     0.79962198170999998     0.0017944916681999999
     0.79526803934000001     0.0013969982452999999
     0.79090062386000004    0.00097854517874999998
     0.78652085189999998    0.00053970113246999999
     0.78212979520000003    8.1072437254000001e-05
     0.77772849293000001         -0.00039670680689
           0.77331793893         -0.00089295261405
     0.76889907590999995    -0.0014069250239000001
     0.76447280929000005    -0.0019378611363000001
           0.76003999534    -0.0024849743921999999
     0.75560144008999997    -0.0030474567819000001
     0.75115790904000002    -0.0036244861264999998
     0.74671011614000005    -0.0042152289369999998
     0.74225872569999995    -0.0048188422959999999
     0.73780435987000004    -0.0054344804211999996
     0.73334759599999999    -0.0060613449297999998
     0.72888896722999996    -0.0066986654323999998
     0.72442896297000003    -0.0073456721139999997
     0.71996802431999996    -0.0080016146739000007
            0.7155065464    -0.0086657530058999992
     0.71104488071000005    -0.0093373565417000006
     0.70658333629000003     -0.010015747409999999
     0.70212217872000005            -0.01070027086
     0.69766163055999997     -0.011390288171999999
     0.69320187546000001           -0.012085225058
           0.68874305507     -0.012784531922999999
     0.68428528529999999     -0.013487669488999999
     0.67982868380999995           -0.014194127463
     0.67537337060000002     -0.014903402903000001
     0.67091946930000002           -0.015615006603
     0.66646711187999996           -0.016328499566
     0.66201643353999995           -0.017043454098
     0.65756757251999998     -0.017759452091000001
     0.65312067275999997           -0.018476104364
     0.64867588065000004            -0.01919302761
     0.64423334601000004     -0.019909850114999999
           0.63979322475     -0.020626229312000002
     0.63535567512000002     -0.021341827938000001
             0.630920857            -0.02205630896
     0.62648893183999999           -0.022769334892
     0.62206006268000003     -0.023480569493000002
     0.61763441793999996     -0.024189700341000001
            0.6132121747     -0.024896458087999999
           0.60879351218     -0.025600579075000001
           0.60437860959     -0.026301789799000001
     0.59996764533000002     -0.026999800793999999
     0.59556079895000003     -0.027694323220999999
     0.59115825366999997     -0.028385081081000001
     0.58676019691000003           -0.029071814456
     0.58236681760999998     -0.029754267011999999
           0.57797830869           -0.030432198556
     0.57359486720999997           -0.031105385858
     0.56921669134999997           -0.031773608214
     0.56484397998000002     -0.032436639939999998
     0.56047693270999999           -0.033094251647
     0.55611575006000002     -0.033746216538000001
     0.55176063477000004     -0.034392311989000002
     0.54741179124999995     -0.035032319183000003
     0.54306942515000001     -0.035666025474000003
     0.53873374787999995     -0.036293248349000003
     0.53440497394999997           -0.036913821898
     0.53008331779999995           -0.037527578185
           0.52576899141     -0.038134322561000002
     0.52146220601000004     -0.038733852739999998
     0.51716317465999995     -0.039325978465000001
     0.51287211694000001           -0.039910548216
           0.50858925415     -0.040487422851000002
           0.50431480733           -0.041056461172
     0.50004899676000003           -0.041617510492
     0.49579204245000003     -0.042170419164000002
     0.49154416534000001     -0.042715042160000001
     0.48730558819000003     -0.043251243676000001
     0.48307653362000003           -0.043778892282
     0.47885722482999998     -0.044297861401999997
           0.47464788579     -0.044808029637999999
     0.47044873984000002           -0.045309278591
     0.46626000915999999           -0.045801478292
     0.46208191471999999     -0.046284490381999999
           0.45791467715     -0.046758183353999998
     0.45375852024000002     -0.047222453522000003
     0.44961366882999998     -0.047677213189999998
     0.44548034577000001     -0.048122367599000002
     0.44135876891999998     -0.048557773418000001
     0.43724915377000001     -0.048983276966000001
     0.43315171668000002     -0.049398743948999999
     0.42906667807999999     -0.049804081498000002
           0.42499425717     -0.050199206934999997
     0.42093467037999999     -0.050584023810000003
             0.416888131     -0.050958413989000001
     0.41285485016000001     -0.051322263461000002
     0.40883503943999999     -0.051675473508000003
     0.40482891024000001     -0.052017958624000001
     0.40083667182999999     -0.052349640364999998
     0.39685853365000001     -0.052670456018000002
           0.39289470352     -0.052980352325000001
     0.38894538649999999     -0.053279271574000003
     0.38501078486000001           -0.053567130913
     0.38109109803000002           -0.053843847872
     0.37718652599000002     -0.054109381028000003
     0.37329727101999999     -0.054363747900000002
     0.36942353253999999     -0.054606972055000001
     0.36556550591999998     -0.054839047959999998
     0.36172338264999998     -0.055059950199999999
     0.35789735160000002     -0.055269666177999999
     0.35408760228000002     -0.055468232924000001
     0.35029432198999999     -0.055655705984999998
     0.34651769450999997     -0.055832135387999998
     0.34275790017000002     -0.055997555366999997
     0.33901511572999998     -0.056152002871999999
     0.33528951609000002     -0.056295549393000001
            0.3315812742     -0.056428298481999997
     0.32789055903999997     -0.056550349616999999
     0.32421753515000001     -0.056661758615000002
     0.32056236288000001           -0.056762566846
     0.31692519966999999           -0.056852845467
     0.31330620127999997     -0.056932728459999998
     0.30970551969999999           -0.057002357391
     0.30612330246000002     -0.057061838350999997
     0.30255969266999999     -0.057111246912999999
     0.29901482957999997     -0.057150666394000002
     0.29548884949999998     -0.057180214383999999
             0.291981885     -0.057200020341000003
     0.28849406455999999     -0.057210215405999999
     0.28502551262999998     -0.057210932702999998
     0.28157634953999999           -0.057202305368
     0.27814669183000001     -0.057184456150999999
     0.27473665211999998     -0.057157502114000003
     0.27134633892999999     -0.057121563996999997
     0.26797585701999999     -0.057076770965000002
     0.26462530700999998     -0.057023254852000001
           0.26129478535     -0.056961156087000003
     0.25798438430999998     -0.056890623059999999
           0.25469419213           -0.056811800874
     0.25142429355000001     -0.056724817396999999
     0.24817476934999999     -0.056629796165000003
     0.24494569656000001     -0.056526859408999999
     0.24173714861000001     -0.056416127395000001
            0.2385491948     -0.056297723442999999
     0.23538190002000001     -0.056171785540999997
     0.23223532498999999     -0.056038456673000003
            0.2291095279     -0.055897853837000001
     0.22600456523000001     -0.055750055318000001
     0.22292048921999999     -0.055595145115000001
     0.21985734637000001     -0.055433253903000003
     0.21681517853999999     -0.055264530418000002
     0.21379402585000001     -0.055089090189000003
           0.21079392778            -0.05490699928
     0.20781491993000001            -0.05471832628
           0.20485703338     -0.054523166895000003
           0.20192029505     -0.054321627437000003
           0.19900472911     -0.054113804845000002
     0.19611035742999999     -0.053899783734999998
     0.19323719818999999     -0.053679649756000002
           0.19038526668     -0.053453490270000001
           0.18755457462     -0.053221393972999999
     0.18474513151999999     -0.052983440912000003
           0.18195694459     -0.052739703302999999
     0.17919001708999999     -0.052490260305000001
     0.17644434811000001     -0.052235207593000002
     0.17371993320000001     -0.051974642830999999
     0.17101676728000001     -0.051708643228999998
           0.16833484322     -0.051437275780999998
     0.16567414832999999     -0.051160631525999999
     0.16303466345000001     -0.050878837622000003
     0.16041636704000001     -0.050592013108000003
           0.15781924067     -0.050300226161000001
     0.15524326368999999           -0.050003536373
     0.15268840654999999     -0.049702056679000003
     0.15015463242999999     -0.049395937973000001
     0.14764190567999999     -0.049085297755999999
           0.14515019518     -0.048770194800999998
     0.14267946543999999     -0.048450698616000001
     0.14022967046000001     -0.048126942298999997
           0.13780075975     -0.047799071333000001
     0.13539268571999999           -0.047467190069
     0.13300540115000001           -0.047131379144
     0.13063885344000001     -0.046791739052999999
     0.12829298418999999     -0.046448394430999997
     0.12596773491999999     -0.046101452835000001
           0.12366305161     -0.045750977101999997
           0.12137887726     -0.045397032731999999
           0.11911514699     -0.045039723496000002
     0.11687179239999999           -0.044679160395
           0.11464874941     -0.044315415242999999
            0.1124459548     -0.043948540247999997
           0.11026334195     -0.043578596933000001
           0.10810084114     -0.043205654422000001
     0.10595838740999999     -0.042829745331999999
     0.10383592329000001     -0.042450852545999999
           0.10173338376           -0.042068990952
    0.099650690971000003           -0.041684240434
    0.097587769879000003     -0.041296656687999998
    0.095544561454999996     -0.040906205589000003
    0.093521003616999998     -0.040512859870000001
    0.091517021305000001     -0.040116657371000002
    0.089532539874999997     -0.039717627297999998
    0.087567507032000003     -0.039315687989000002
    0.085621870160000002     -0.038910752833000002
    0.083695556983999997     -0.038502832760000001
    0.081788490372999997     -0.038091957219000001
          0.079900608227     -0.037678084980999997
    0.078031850686000007     -0.037261159511000001
    0.076182155961000003     -0.036841138417999998
    0.074351459036999995     -0.036417990313999997
    0.072539692515000004     -0.035991695705999999
    0.070746791389999994     -0.035562222937000003
    0.068972708150999998     -0.035129474569000001
    0.067217384687999995           -0.034693393422
    0.065480731690999994     -0.034254050245999999
    0.063762677008999999     -0.033811448546000003
    0.062063188939000001     -0.033365437455999999
    0.060382201544000001     -0.032915996039000001
    0.058719608211000002     -0.032463259385999997
    0.057075339219000001     -0.032007226200000002
    0.055449345747999999     -0.031547815767999997
          0.053841544679     -0.031085074128999999
          0.052251845355     -0.030619073313000001
    0.050680176722000002     -0.030149816693999999
    0.049126464388000002     -0.029677318514999999
    0.047590624900000003           -0.029201624903
    0.046072562987999999     -0.028722817570999998
    0.044572183745000001           -0.028240974969
    0.043089413808999999     -0.027756109295000001
    0.041624154640000001     -0.027268306017000001
    0.040176287987999999     -0.026777708713999999
    0.038745756897000001     -0.026284280330999998
    0.037332488990000003           -0.025788026472
    0.035936370765000003     -0.025289073144000002
          0.034557357258     -0.024787356641999998
    0.033195378441999997     -0.024282880297000001
    0.031850322927999997     -0.023775764064000001
          0.030522217984           -0.023265764671
    0.029211045053000002     -0.022752767071000001
    0.027916726542999998           -0.022236818653
          0.026639250353     -0.021717802756999999
    0.025378730307999999     -0.021195314664000001
    0.024135186433999999     -0.020669190723000001
          0.022908650536     -0.020139264484999999
    0.021699338963000001           -0.019604959565
    0.020507362814000001     -0.019065978380000001
    0.019332998154999999     -0.018521698420999998
    0.018176436888000001     -0.017971718162000001
    0.017038051700000001            -0.01741531835
          0.015918241983     -0.016851780773000001
    0.014817459797999999     -0.016280375052000001
    0.013736345562000001     -0.015700088412000001
    0.012675564562000001           -0.015109993071
          0.011635996393           -0.014508900403
          0.010618732758     -0.013895444462000001
   0.0096250119508000005     -0.013268218821000001
   0.0086563394740999996           -0.012625660766
          0.007714629257     -0.011965902109999999
   0.0068022806424000003     -0.011286803313999999
   0.0059220279136000002           -0.010586292268
   0.0050775057833999998    -0.0098617944829999995
   0.0042731783189999999    -0.0091106260011000004
         0.0035147291026    -0.0083298810811000008
         0.0028088180268    -0.0075170907864000004
   0.0021636153554999999          -0.0066701744467
         0.0015884188312    -0.0057882201820000003
         0.0010930515907    -0.0048722875323000004
        0.00068651236587    -0.0039261463877999997
  0.00037531627558000001    -0.0029564801133999999
  0.00016086751586999999    -0.0019724750138000002
  3.8667324057999999e-05   -0.00098406452910999994
                       0                         0
  6.2364274507000004e-05           0.0013148726486
  0.00023654714689999999     0.0026181398488000001
  0.00050450907830000005     0.0039038914291999998
  0.00085253844924999996     0.0051688438514000002
   0.0012717678502000001     0.0064105931515000001
         0.0017556630892     0.0076272323267999997
   0.0022992759204000001           0.0088170776643
   0.0028988558025000001     0.0099784743142000004
   0.0035510341549000002      0.011109980627000001
   0.0042526213922999996            0.012210404707
   0.0050007476928000004            0.013278668525
         0.0057925575691            0.014313969518
   0.0066250497681000003            0.015315917439
   0.0074952931640000003      0.016284395763999999
   0.0084001147108000006      0.017219868932000001
   0.0093367081882999997            0.018122822048
          0.010302230777      0.018994165590999999
          0.011293973237            0.019835018731
          0.012309611073             0.02064642584
          0.013346856018      0.021429710197999999
          0.014403704934      0.022186136631000001
          0.015478342207      0.022916999338999999
          0.016569068364      0.023623680556999999
    0.017674466073000002      0.024307384170000002
    0.018793267028999999      0.024969275679000001
    0.019924300153000001            0.025610542048
          0.021066543994      0.026232295289999999
              0.02221909      0.026835578738999999
    0.023381153658999999      0.027421351090000001
    0.024552021545999999      0.027990544220999999
    0.025731046579000001             0.02854406596
    0.026917675047999998      0.029082731646999999
          0.028111415535      0.029607297790999999
    0.029311829320999998      0.030118496690999998
    0.030518512756999999      0.030617031650000001
    0.031731135036000002      0.031103512488000001
    0.032949392007999997      0.031578523306999999
    0.034173004791000001      0.032042655730000001
    0.035401714868999998      0.032496477194999998
    0.036635335300000002      0.032940419041999999
    0.037873701076000001      0.033374876635000002
    0.039116643239999999      0.033800301744999997
    0.040363993004000003      0.034217167421999997
    0.041615619354000002      0.034625870662999998
    0.042871420654999999      0.035026749139000002
          0.044131305358      0.035420126496000001
    0.045395197130000002      0.035806306289000001
    0.046663024044000002              0.0361855861
    0.047934729423999997      0.036558243373000003
          0.049210260908      0.036924549357999999
    0.050489578719999997      0.037284750090999998
          0.051772654017      0.037639069693000002
    0.053059459960999998      0.037987731061999999
    0.054349976711000003      0.038330953658000003
          0.055644185892      0.038668955871999998
    0.056942079780000002      0.039001927686999997
    0.058243662127000002      0.039330028551999997
    0.059548937258999998      0.039653417589999997
    0.060857912022999998      0.039972258232999998
    0.062170594075000002            0.040286716303
    0.063486992958000005      0.040596954162000001
    0.064807124925000001      0.040903121569000001
    0.066131007261000005      0.041205366423000003
    0.067458663138999994      0.041503815600000001
    0.068790126532000007      0.041798557796000002
    0.070125432247000005            0.042089678658
    0.071464611945000006      0.042377284658000003
    0.072807693233000001      0.042661509421999998
    0.074154703375999997      0.042942488520000002
    0.075505676928000004      0.043220329368999999
    0.076860657033999996      0.043495106264000001
    0.078219687211999997      0.043766892011000001
    0.079582812237999997      0.044035756907999997
    0.080950078517999999      0.044301767963999997
    0.082321532436999995      0.044564992518000002
    0.083697220022999994      0.044825504026000003
    0.085077186784000003      0.045083385854999998
    0.086461478034000006      0.045338723082000001
    0.087850141542999999      0.045591589623999999
    0.089243232046000001      0.045842027570999998
    0.090640805428999993      0.046090073845000003
    0.092042917257000006            0.046335768239
    0.093449621346000003      0.046579165726000002
    0.094860970850000004      0.046820327043000001
    0.096277019015999998            0.047059312866
    0.097697821894000003      0.047296171808999997
    0.099123437864999997      0.047530942511999998
     0.10055392538000001      0.047763663712999997
           0.10198934235      0.047994380049000002
           0.10342974551      0.048223149057000002
            0.1048751914      0.048450030770999998
     0.10632573704999999      0.048675082821999997
           0.10778144441      0.048898335632000002
           0.10924237799      0.049119805715999998
     0.11070860238000001      0.049339509661000001
     0.11218018069000001      0.049557476420000003
           0.11365717313      0.049773758986999997
           0.11513963949      0.049988413926000001
           0.11662763996      0.050201496298999997
           0.11812123896      0.050413035847999998
     0.11962050355999999      0.050623046887999998
     0.12112550094000001      0.050831543634999997
           0.12263629781      0.051038545450999999
           0.12415295914      0.051244087967000002
     0.12567554955999999      0.051448210633000001
           0.12720413376      0.051650953313999999
     0.12873877825999999      0.051852344825999999
     0.13027955201999999      0.052052399433000003
     0.13182652416999999      0.052251130606999999
     0.13337976398000001      0.052448552035999997
     0.13493934091000001      0.052644677888999999
     0.13650532463000001      0.052839522729999998
           0.13807778484      0.053033101369000003
            0.1396567913      0.053225429109000001
     0.14124241400000001      0.053416522740999998
           0.14283472299      0.053606399760999998
     0.14443378833000001      0.053795078009999997
     0.14603968038000001      0.053982574009999999
     0.14765247038000001            0.054168899824
     0.14927222971000001      0.054354066917000003
           0.15089902976      0.054538086955000002
     0.15253294236000001      0.054720968543000001
           0.15417404019      0.054902714354000001
           0.15582239603      0.055083326437999999
     0.15747808261999999            0.055262807014
     0.15914117218000001            0.055441164341
           0.16081173617      0.055618414988999998
     0.16248984593999999      0.055794576536999999
           0.16417557277      0.055969666644999999
           0.16586898901      0.056143693186000002
     0.16757016824000001      0.056316653092999998
             0.169279184      0.056488542677999999
     0.17099610970000001      0.056659358436999999
     0.17272101816999999      0.056829102203999997
     0.17445398171000001      0.056997781009999998
     0.17619507236000001      0.057165402327999999
     0.17794436198999999      0.057331973878999999
     0.17970192243999999      0.057497503440999999
     0.18146782545000001      0.057661998877999998
     0.18324214251000001      0.057825468342000003
     0.18502494485000001      0.057987919899999997
           0.18681630415      0.058149354792000001
           0.18861629244      0.058309768124000003
           0.19042498142      0.058469154753999997
     0.19224244242999999      0.058627509658000003
     0.19406874624000001      0.058784830992999998
     0.19590396302999999      0.058941119921999997
     0.19774816251999999      0.059096377879000003
           0.19960141393      0.059250606368000003
           0.20146378631      0.059403804683000001
     0.20333534843000001      0.059555969836999997
     0.20521616852999999      0.059707098807000002
     0.20710631426000001      0.059857188619000003
           0.20900585272      0.060006235725000003
           0.21091485053      0.060154235895999997
     0.21283337359999999      0.060301184920999999
     0.21476148707000001      0.060447078639999999
     0.21669925543999999      0.060591912329999997
           0.21864674256      0.060735680473000001
     0.22060401139999999      0.060878377540999999
     0.22257112404000001            0.061019998047
     0.22454814175000001      0.061160535520000003
           0.22653512499      0.061299981826000001
     0.22853213323999999      0.061438328675999999
           0.23053922487      0.061575567792999997
     0.23255645715000001      0.061711691562000001
           0.23458388615      0.061846693723000001
     0.23662156674000001      0.061980568262999997
     0.23866955249999999             0.06211330927
     0.24072789579000001      0.062244908974999999
     0.24279664804000001      0.062375354633000001
           0.24487585927      0.062504632635000001
     0.24696557799999999      0.062632729282000005
     0.24906585112999999      0.062759632583999997
     0.25117672369999999      0.062885336444999995
     0.25329823898999998      0.063009836154999999
     0.25543043853000003      0.063133127216000007
     0.25757336222999999      0.063255202452999995
     0.25972704886999998      0.063376042293000007
           0.26189153554            0.063495623559
     0.26406685733000002      0.063613922773000001
     0.26625304714999998      0.063730918533000003
     0.26845013515999999      0.063846602766000002
     0.27065814903000002      0.063960972377999997
     0.27287711413999999      0.064074024623000006
     0.27510705356999998      0.064185755533000002
     0.27734798863999999      0.064296149543999995
     0.27959993846999998      0.064405185611000004
     0.28186291960999998      0.064512842503999995
     0.28413694588999999      0.064619099784999995
           0.28642202803      0.064723946549999994
     0.28871817372000003      0.064827377729999996
     0.29102538769000003      0.064929388685000006
     0.29334367170999998      0.065029974081000003
     0.29567302514999999      0.065129113899000002
     0.29801344475000002      0.065226776877000001
     0.30036492400999998      0.065322931134999998
     0.30272745308999999      0.065417545154000001
     0.30510101820000002            0.065510601719
     0.30748560151999998      0.065602097365000001
           0.30988118159      0.065692029629000004
     0.31228773325999998      0.065780396219000004
     0.31470522806000001      0.065867184812999996
     0.31713363415000001      0.065952371026999995
     0.31957291580000002      0.066035929729000006
     0.32202303320999998      0.066117835769999994
           0.32448394238      0.066198066360000002
     0.32695559498999999      0.066276602237999999
     0.32943793837000002      0.066353424561000005
     0.33193091545999998      0.066428514642000003
     0.33443446472999999      0.066501853228999999
     0.33694852018999999      0.066573419879000006
           0.33947301115      0.066643194175000003
     0.34200786218000001            0.066711155878
     0.34455299300999997      0.066777284702999998
     0.34710831848000001      0.066841560002000006
     0.34967374841999999      0.066903961269000001
     0.35224918756000001      0.066964468240000005
     0.35483453543999999      0.067023061647000004
           0.35742968636      0.067079724670999999
     0.36003452929000002      0.067134441259000005
     0.36264894775000001      0.067187195761000004
     0.36527281985999999      0.067237970142000003
     0.36790601836999998      0.067286735974000006
     0.37054841045999998      0.067333462425000004
     0.37319985761000002      0.067378118816000004
     0.37586021552999999      0.067420676737000002
     0.37852933392999999      0.067461118690000002
     0.38120705660999998      0.067499431063999998
     0.38389322143999999      0.067535600831000006
     0.38658766031000003      0.067569614250000007
     0.38929019926000002      0.067601448918000004
     0.39200065831999997      0.067631078917000001
     0.39471885141000002      0.067658478736999997
     0.39744458633000002      0.067683623617999997
     0.40017766467999999      0.067706492307999994
     0.40291788183999999      0.067727065902999997
     0.40566502701000001      0.067745326152000004
     0.40841888315000002      0.067761255271999998
     0.41117922705999999      0.067774832862000006
     0.41394582930000001      0.067786036462999993
     0.41671845423999998      0.067794844207999999
     0.41949686003999997      0.067801234963000001
     0.42228079868000001      0.067805189387999995
     0.42507001593999999      0.067806690202999995
     0.42786425148000001            0.067805721042
     0.43066323890000002      0.067802266397999994
     0.43346670573000001      0.067796310496000003
     0.43627437349999998      0.067787836246000002
     0.43908595781999998      0.067776827252999994
     0.44190116874000002      0.067763268092000006
     0.44471971734999999      0.067747143366000004
     0.44754132270000002      0.067728435461999997
           0.45036571233      0.067707126990000005
     0.45319262248999997      0.067683201390999995
     0.45602179833000001      0.067656643557000004
     0.45885299399000001      0.067627443408000004
     0.46168597280000001      0.067595593356000003
           0.46452050739      0.067561086549000005
           0.46735637978      0.067523916387000005
           0.47019338138      0.067484069497000004
     0.47303131304000001      0.067441526895000006
     0.47586998533000002      0.067396269950000004
     0.47870921860999999      0.067348280575999994
     0.48154884310000001      0.067297545023000005
     0.48438869892999997      0.067244057248999997
     0.48722863620000001      0.067187812412000003
     0.49006851501999998      0.067128806031999999
     0.49290820544000002      0.067067032462000006
     0.49574758729000001      0.067002478571999993
     0.49858655039999999      0.066935128915999995
     0.50142499465000001      0.066864968230000002
     0.50426283000000005      0.066791981498999994
     0.50709997644000004      0.066716156267000004
     0.50993636399999998      0.066637482528999994
     0.51277193274999999      0.066555950372999995
     0.51560663284999997      0.066471549835000004
     0.51844042438000004      0.066384270100999995
     0.52127327725999995      0.066294097726000006
     0.52410517136000001      0.066201018552000002
     0.52693609650999995      0.066105018180000003
     0.52976605249999997      0.066006081940999994
     0.53259504894999998      0.065904195282999997
     0.53542310529000003            0.065799343646
           0.53825025084      0.065691512027000007
     0.54107652479000001      0.065580684920000007
     0.54390197603000001      0.065466844489999995
     0.54672666280000004      0.065349965721000006
     0.54955065302999995      0.065230021407999994
     0.55237402444999995      0.065106983628999998
     0.55519686458999995      0.064980823901000004
     0.55801927095000003      0.064851519741999999
     0.56084135106999999      0.064719055750999996
     0.56366322226999999      0.064583416002000002
     0.56648501168999998      0.064444583535999994
     0.56930685614999998      0.064302538357000005
     0.57212890144999995      0.064157245870999996
     0.57495130287999996      0.064008664554000005
     0.57777422566000003      0.063856751540000006
           0.58059784497      0.063701462574000001
     0.58342234608999999      0.063542755576000004
     0.58624792459999997      0.063380595779000001
     0.58907478624999998      0.063214948115999994
     0.59190314707000002      0.063045775819999997
     0.59473323340999995      0.062873040187000004
           0.59756528167      0.062696697194999998
     0.60039953851000005      0.062516697393999995
     0.60323626122999996      0.062332989089999999
     0.60607571800000004      0.062145518385000001
     0.60891818790999996      0.061954228372999999
     0.61176396055000004      0.061759054895999997
     0.61461333656999995      0.061559929178000003
     0.61746662823999998      0.061356779700000003
     0.62032415960999998            0.061149532074
           0.62318626683      0.060938111184999998
     0.62605329843000002      0.060722444700000003
     0.62892561558000004      0.060502458001000001
     0.63180359233000005      0.060278073090000002
     0.63468761596000001            0.060049208234
     0.63757808670000005      0.059815773348999998
     0.64047541808999997      0.059577669662000003
     0.64338003798999999      0.059334793948000002
     0.64629238905999997      0.059087038527999999
     0.64921292906000005            0.058834290439
     0.65214213063000004      0.058576428271999999
     0.65508048238000005      0.058313324074999999
     0.65802848970000005            0.058044844328
            0.6609866754      0.057770849633999997
     0.66395557984999998      0.057491193374000001
     0.66693576139999999      0.057205720664000002
           0.66992779773      0.056914269514999997
     0.67293228671000005            0.056616670607
     0.67594984700000005            0.056312746295
     0.67898111795000005      0.056002306633000001
     0.68202676115000005      0.055685151107000001
     0.68508746190000003      0.055361069851999997
           0.68816393022      0.055029843034999998
     0.69125690109000004      0.054691237772000002
     0.69436713532000005      0.054345006699999997
     0.69749542190000002      0.053990890246999997
     0.70064257941999997      0.053628616095999997
     0.70380945751000001      0.053257902053000003
     0.70699693850000001      0.052878462251999998
     0.71020593889000005      0.052489998009999997
     0.71343741114000003            0.052092195086
     0.71669234607999999      0.051684728530000001
     0.71997177718000005      0.051267284289999999
     0.72327678080000002      0.050839539720999999
     0.72660847778000004      0.050401154399000003
     0.72996803665999999      0.049951775437000002
           0.73335668017      0.049491064739000001
     0.73677568522000003      0.049018676578999998
     0.74022638455000001      0.048534245520999997
     0.74371017360000002      0.048037407375000001
     0.74722852413999996      0.047527860264999999
     0.75078297866999999      0.047005304844999998
     0.75437515180000003      0.046469425522999999
     0.75800674043000005      0.045919914766999997
     0.76167953287000001      0.045356491362999997
     0.76539540641000003      0.044778864076999998
     0.76915633383000004      0.044186733423000002
     0.77296440055000004            0.043579836391
           0.77682180666      0.042957925095000002
           0.78073086905      0.042320743690000003
           0.78469403352      0.041668033012999997
           0.78871388557      0.040999533073999998
     0.79279315616000001      0.040314978734000001
     0.79693472129999998      0.039614086675999999
     0.80114140026000003      0.038896572637999997
     0.80541574563999996      0.038162219212999997
     0.80975999784999997            0.037410876842
     0.81417604069000005            0.036642454291
     0.81866535638000004      0.035856960413000002
     0.82322896353999997      0.035054457724000003
     0.82786735524999999      0.034235043230999997
     0.83258044992000002      0.033398937434999998
     0.83736752238000001      0.032546465083999998
            0.8422271402            0.031678084863
     0.84715709784000004      0.030794408924999999
     0.85215434746999996      0.029896192881000001
     0.85721493967999995      0.028984368805999999
     0.86233395594999995      0.028059993879999998
     0.86750546751000002      0.027124299407999999
     0.87272250440999999      0.026178727514000001
     0.87797703357000001      0.025224932463000001
     0.88325994419999998      0.024264717174999999
     0.88856106326999995      0.023300011333000002
     0.89386921960999999      0.022332976606000001
     0.89917231880000004            0.021366015733
           0.90445740977      0.020401572752999999
     0.90971080301999996      0.019442048478999999
     0.91491826992000003      0.018489996987000001
     0.92006523150999997      0.017548112554999998
     0.92513692854999996      0.016618984042999999
     0.93011865067999999      0.015705070678000001
     0.93499599730000005      0.014808788834000001
     0.93975511897999997            0.013932471598
           0.94438293724            0.013078240554
     0.94886738678000004            0.012248073985
           0.95319763114            0.011443857488
     0.95736421957999995            0.010667280401
     0.96135921131000002     0.0099197584091999993
           0.96517629074     0.0092025296284999995
     0.96881081949000003     0.0085166491435999993
     0.97225982917999998     0.0078629036595000007
     0.97552198942000001           0.0072418196959
     0.97859755960999995           0.0066537890806
     0.98148826155000002           0.0060989552124
     0.98419711964000001     0.0055770710471000004
           0.98672833883     0.0050876585249000003
     0.98908716344000003     0.0046301350939000003
     0.99127968328000005     0.0042036990173999998
           0.99331266585           0.0038073494591
     0.99519342203000005     0.0034400525890000001
     0.99692961723999995     0.0031005799683000001
     0.99852911434000002           0.0027874446849
                       1     0.0024997000000000001
