OAT15
    1.0000000000e+00     0.0000000000e-00
    1.0000000000e+00     -2.4967000000e-03
    9.9830033354e-01     -2.3017397291e-03
    9.9650478529e-01     -2.0979586990e-03
    9.9460832791e-01     -1.8860645472e-03
    9.9260575730e-01     -1.6666272403e-03
    9.9049177571e-01     -1.4393421233e-03
    9.8826088373e-01     -1.2039744577e-03
    9.8590737111e-01     -9.6046414216e-04
    9.8342532300e-01     -7.0891563475e-04
    9.8080863835e-01     -4.4946210665e-04
    9.7805104544e-01     -1.8216829618e-04
    9.7514609173e-01     9.2780735681e-05
    9.7208714212e-01     3.7496186412e-04
    9.6886740583e-01     6.6385647638e-04
    9.6547995311e-01     9.5887036011e-04
    9.6191772733e-01     1.2592845622e-03
    9.5817356258e-01     1.5642328619e-03
    9.5424020217e-01     1.8726432569e-03
    9.5011032142e-01     2.1832007366e-03
    9.4577655783e-01     2.4943497854e-03
    9.4123154136e-01     2.8042657195e-03
    9.3646792680e-01     3.1107816109e-03
    9.3147843097e-01     3.4113553217e-03
    9.2625587487e-01     3.7029873828e-03
    9.2079322927e-01     3.9821927150e-03
    9.1508366727e-01     4.2449218292e-03
    9.0912061921e-01     4.4865040995e-03
    9.0289783319e-01     4.7015658227e-03
    8.9640944593e-01     4.8839519915e-03
    8.8965005187e-01     5.0267309226e-03
    8.8261478997e-01     5.1222577743e-03
    8.7529941961e-01     5.1622376025e-03
    8.6770040093e-01     5.1377261785e-03
    8.5981498264e-01     5.0391558751e-03
    8.5164126125e-01     4.8569552546e-03
    8.4317824257e-01     4.5816778020e-03
    8.3442589013e-01     4.2039226526e-03
    8.2538513280e-01     3.7150851827e-03
    8.1605783946e-01     3.1078871398e-03
    8.0644679346e-01     2.3765602493e-03
    7.9655567329e-01     1.5166260103e-03
    7.8638889668e-01     5.2618784662e-04
    7.7595160221e-01     -5.9456910161e-04
    7.6524959839e-01     -1.8435514973e-03
    7.5428927597e-01     -3.2164384502e-03
    7.4307757167e-01     -4.7069113463e-03
    7.3162194395e-01     -6.3068408542e-03
    7.1993046147e-01     -8.0071733846e-03
    7.0801176470e-01     -9.7978474072e-03
    6.9587508441e-01     -1.1668099027e-02
    6.8353031205e-01     -1.3607114084e-02
    6.7098797079e-01     -1.5604044842e-02
    6.5825918364e-01     -1.7648071672e-02
    6.4535567749e-01     -1.9728749769e-02
    6.3228970143e-01     -2.1835869354e-02
    6.1907392357e-01     -2.3959234370e-02
    6.0572137726e-01     -2.6088780923e-02
    5.9224542152e-01     -2.8214804773e-02
    5.7865954557e-01     -3.0327216928e-02
    5.6497751631e-01     -3.2416458455e-02
    5.5121339607e-01     -3.4473135382e-02
    5.3738144886e-01     -3.6487728043e-02
    5.2349620386e-01     -3.8451487175e-02
    5.0957226645e-01     -4.0355606000e-02
    4.9562436415e-01     -4.2192052909e-02
    4.8166720848e-01     -4.3953073764e-02
    4.6771544883e-01     -4.5631350417e-02
    4.5378357213e-01     -4.7219679739e-02
    4.3988587990e-01     -4.8711276559e-02
    4.2603635421e-01     -5.0098957566e-02
    4.1224871827e-01     -5.1376129059e-02
    3.9853635091e-01     -5.2536338119e-02
    3.8491232493e-01     -5.3574205441e-02
    3.7138936064e-01     -5.4484810761e-02
    3.5798042430e-01     -5.5265222107e-02
    3.4469888886e-01     -5.5913437095e-02
    3.3155845555e-01     -5.6429084008e-02
    3.1857299780e-01     -5.6813186434e-02
    3.0575640669e-01     -5.7067376221e-02
    2.9312248704e-01     -5.7194628846e-02
    2.8068480818e-01     -5.7198556350e-02
    2.6845658991e-01     -5.7083713596e-02
    2.5645058493e-01     -5.6854961727e-02
    2.4467896612e-01     -5.6517975714e-02
    2.3315325129e-01     -5.6078199089e-02
    2.2188421243e-01     -5.5541273357e-02
    2.1088182831e-01     -5.4912446945e-02
    2.0015522601e-01     -5.4196738838e-02
    1.8971262279e-01     -5.3399029199e-02
    1.7956127534e-01     -5.2524170431e-02
    1.6970743288e-01     -5.1577094344e-02
    1.6015627343e-01     -5.0563120374e-02
    1.5091184724e-01     -4.9488166198e-02
    1.4197706310e-01     -4.8358581966e-02
    1.3335372231e-01     -4.7180800981e-02
    1.2504249647e-01     -4.5961546788e-02
    1.1704307827e-01     -4.4706919279e-02
    1.0935420127e-01     -4.3422590363e-02
    1.0197383743e-01     -4.2112993943e-02
    9.4899257110e-02     -4.0781495605e-02
    8.8127035279e-02     -3.9430845713e-02
    8.1653265596e-02     -3.8062551492e-02
    7.5473381172e-02     -3.6678203227e-02
    6.9582311662e-02     -3.5279068247e-02
    6.3974476358e-02     -3.3866453406e-02
    5.8643668808e-02     -3.2442382116e-02
    5.3582996788e-02     -3.1009863875e-02
    4.8785050659e-02     -2.9572322141e-02
    4.4241886909e-02     -2.8133724431e-02
    3.9945050155e-02     -2.6698545250e-02
    3.5885895985e-02     -2.5270867574e-02
    3.2055852165e-02     -2.3853847164e-02
    2.8446704190e-02     -2.2449254381e-02
    2.5050693144e-02     -2.1057567810e-02
    2.1861038924e-02     -1.9677112263e-02
    1.8872111945e-02     -1.8304248926e-02
    1.6079451361e-02     -1.6933951679e-02
    1.3480211795e-02     -1.5559598851e-02
    1.1073594497e-02     -1.4173104665e-02
    8.8616969246e-03     -1.2764727131e-02
    6.8503128331e-03     -1.1323658028e-02
    5.0508157052e-03     -9.8379156919e-03
    3.4828373271e-03     -8.2951606294e-03
    2.1755732854e-03     -6.6870461794e-03
    1.1648131774e-03     -5.0175553212e-03
    4.7790540248e-04     -3.3135013047e-03
    1.0762747466e-04     -1.6241158040e-03
    0.0000000000e-00     0.0000000000e-00
    1.0080635754e-04     1.6819890181e-03
    3.7592316756e-04     3.3401204044e-03
    7.9088356335e-04     4.9646066993e-03
    1.3235981562e-03     6.5501267324e-03
    1.9600005550e-03     8.0927857900e-03
    2.6901771739e-03     9.5892577084e-03
    3.5065871368e-03     1.1036499758e-02
    4.4023358012e-03     1.2432123688e-02
    5.3712713128e-03     1.3774150851e-02
    6.4072152635e-03     1.5061427377e-02
    7.5039501981e-03     1.6293671678e-02
    8.6550092535e-03     1.7471777968e-02
    9.8545247161e-03     1.8597049148e-02
    1.1096653975e-02     1.9671751315e-02
    1.2376383790e-02     2.0698167377e-02
    1.3689065652e-02     2.1679009481e-02
    1.5030687264e-02     2.2616951949e-02
    1.6397654737e-02     2.3514813613e-02
    1.7786916366e-02     2.4375229575e-02
    1.9195900931e-02     2.5200630588e-02
    2.0622322133e-02     2.5993432364e-02
    2.2064244005e-02     2.6755860227e-02
    2.3520033591e-02     2.7489933854e-02
    2.4988270565e-02     2.8197564772e-02
    2.6467714345e-02     2.8880564040e-02
    2.7957341546e-02     2.9540526290e-02
    2.9456259356e-02     3.0178956495e-02
    3.0963687472e-02     3.0797267957e-02
    3.2478993844e-02     3.1396684527e-02
    3.4001612969e-02     3.1978394878e-02
    3.5531037585e-02     3.2543556030e-02
    3.7066897712e-02     3.3093066564e-02
    3.8608878055e-02     3.3627753329e-02
    4.0156657869e-02     3.4148549803e-02
    4.1709967093e-02     3.4656302477e-02
    4.3268614473e-02     3.5151698278e-02
    4.4832440149e-02     3.5635376058e-02
    4.6401309909e-02     3.6107938749e-02
    4.7975114696e-02     3.6569954049e-02
    4.9553765070e-02     3.7021960376e-02
    5.1137199114e-02     3.7464439853e-02
    5.2725373116e-02     3.7897837846e-02
    5.4318254766e-02     3.8322592130e-02
    5.5915820336e-02     3.8739132585e-02
    5.7518068548e-02     3.9147828339e-02
    5.9125017478e-02     3.9548995980e-02
    6.0736688617e-02     3.9942954923e-02
    6.2353107238e-02     4.0330030679e-02
    6.3974303528e-02     4.0710539450e-02
    6.5600319609e-02     4.1084773973e-02
    6.7231202820e-02     4.1453009599e-02
    6.8867022462e-02     4.1815442894e-02
    7.0507854385e-02     4.2172246945e-02
    7.2153767159e-02     4.2523641927e-02
    7.3804822926e-02     4.2869889121e-02
    7.5461090831e-02     4.3211222108e-02
    7.7122659857e-02     4.3547796966e-02
    7.8789622078e-02     4.3879757191e-02
    8.0462072687e-02     4.4207239228e-02
    8.2140108696e-02     4.4530375350e-02
    8.3823826458e-02     4.4849305560e-02
    8.5513321154e-02     4.5164189503e-02
    8.7208687929e-02     4.5475188675e-02
    8.8910031631e-02     4.5782419344e-02
    9.0617465762e-02     4.6085957420e-02
    9.2331103385e-02     4.6385882521e-02
    9.4051054238e-02     4.6682301820e-02
    9.5777426731e-02     4.6975332695e-02
    9.7510331699e-02     4.7265081700e-02
    9.9249886108e-02     4.7551628189e-02
    1.0099620765e-01     4.7835048505e-02
    1.0274941247e-01     4.8115434694e-02
    1.0450961474e-01     4.8392898730e-02
    1.0627692881e-01     4.8667552468e-02
    1.0805147661e-01     4.8939465147e-02
    1.0983338613e-01     4.9208671884e-02
    1.1162278505e-01     4.9475211187e-02
    1.1341979580e-01     4.9739163655e-02
    1.1522453771e-01     5.0000634723e-02
    1.1703713099e-01     5.0259725210e-02
    1.1885770395e-01     5.0516486833e-02
    1.2068638873e-01     5.0770948688e-02
    1.2252331704e-01     5.1023143920e-02
    1.2436861754e-01     5.1273133823e-02
    1.2622241749e-01     5.1520992493e-02
    1.2808484472e-01     5.1766791063e-02
    1.2995603198e-01     5.2010569945e-02
    1.3183611423e-01     5.2252356002e-02
    1.3372522649e-01     5.2492176377e-02
    1.3562350412e-01     5.2730059066e-02
    1.3753108264e-01     5.2966032723e-02
    1.3944809751e-01     5.3200126580e-02
    1.4137468442e-01     5.3432372209e-02
    1.4331097909e-01     5.3662803011e-02
    1.4525711720e-01     5.3891452767e-02
    1.4721323541e-01     5.4118349501e-02
    1.4917947131e-01     5.4343515615e-02
    1.5115596238e-01     5.4566973560e-02
    1.5314284687e-01     5.4788739300e-02
    1.5514026426e-01     5.5008818793e-02
    1.5714835392e-01     5.5227217182e-02
    1.5916725440e-01     5.5443946329e-02
    1.6119710249e-01     5.5659035501e-02
    1.6323803437e-01     5.5872517475e-02
    1.6529018632e-01     5.6084420636e-02
    1.6735369729e-01     5.6294747625e-02
    1.6942870671e-01     5.6503492847e-02
    1.7151535343e-01     5.6710651490e-02
    1.7361377482e-01     5.6916229959e-02
    1.7572410703e-01     5.7120242030e-02
    1.7784648543e-01     5.7322702066e-02
    1.7998104491e-01     5.7523624628e-02
    1.8212791984e-01     5.7723024413e-02
    1.8428724368e-01     5.7920916668e-02
    1.8645914945e-01     5.8117311512e-02
    1.8864377087e-01     5.8312203076e-02
    1.9084124087e-01     5.8505582498e-02
    1.9305169107e-01     5.8697441767e-02
    1.9527525142e-01     5.8887780065e-02
    1.9751205028e-01     5.9076599982e-02
    1.9976221450e-01     5.9263904277e-02
    2.0202586985e-01     5.9449691851e-02
    2.0430314098e-01     5.9633957418e-02
    2.0659415076e-01     5.9816695583e-02
    2.0889902025e-01     5.9997900416e-02
    2.1121786886e-01     6.0177564400e-02
    2.1355081386e-01     6.0355679832e-02
    2.1589797033e-01     6.0532238871e-02
    2.1825945126e-01     6.0707232013e-02
    2.2063536725e-01     6.0880649040e-02
    2.2302582626e-01     6.1052479731e-02
    2.2543093368e-01     6.1222711623e-02
    2.2785079232e-01     6.1391329610e-02
    2.3028550185e-01     6.1558318413e-02
    2.3273515871e-01     6.1723663569e-02
    2.3519985592e-01     6.1887353177e-02
    2.3767968290e-01     6.2049375981e-02
    2.4017472536e-01     6.2209720034e-02
    2.4268506573e-01     6.2368365148e-02
    2.4521078270e-01     6.2525286427e-02
    2.4775195064e-01     6.2680458848e-02
    2.5030863916e-01     6.2833863430e-02
    2.5288091279e-01     6.2985490242e-02
    2.5546883112e-01     6.3135330470e-02
    2.5807244892e-01     6.3283370262e-02
    2.6069181704e-01     6.3429573527e-02
    2.6332698117e-01     6.3573897946e-02
    2.6597798123e-01     6.3716302060e-02
    2.6864485020e-01     6.3856764343e-02
    2.7132761412e-01     6.3995278318e-02
    2.7402629256e-01     6.4131838491e-02
    2.7674089897e-01     6.4266429369e-02
    2.7947144112e-01     6.4399015112e-02
    2.8221791971e-01     6.4529557289e-02
    2.8498032797e-01     6.4658020544e-02
    2.8775865071e-01     6.4784388495e-02
    2.9055286458e-01     6.4908652086e-02
    2.9336293806e-01     6.5030801999e-02
    2.9618883230e-01     6.5150805798e-02
    2.9903050084e-01     6.5268607876e-02
    3.0188788833e-01     6.5384151062e-02
    3.0476092980e-01     6.5497390486e-02
    3.0764954954e-01     6.5608315259e-02
    3.1055366185e-01     6.5716921022e-02
    3.1347317118e-01     6.5823201379e-02
    3.1640797282e-01     6.5927124708e-02
    3.1935795208e-01     6.6028646874e-02
    3.2232298355e-01     6.6127723791e-02
    3.2530293063e-01     6.6224315990e-02
    3.2829764526e-01     6.6318390244e-02
    3.3130696785e-01     6.6409914223e-02
    3.3433072707e-01     6.6498855449e-02
    3.3736873974e-01     6.6585179355e-02
    3.4042081049e-01     6.6668851322e-02
    3.4348673148e-01     6.6749837278e-02
    3.4656628224e-01     6.6828102935e-02
    3.4965922943e-01     6.6903614097e-02
    3.5276532662e-01     6.6976337335e-02
    3.5588431408e-01     6.7046241866e-02
    3.5901591863e-01     6.7113301356e-02
    3.6215985345e-01     6.7177490967e-02
    3.6531581795e-01     6.7238784076e-02
    3.6848349799e-01     6.7297136967e-02
    3.7166256548e-01     6.7352499770e-02
    3.7485267818e-01     6.7404823789e-02
    3.7805347936e-01     6.7454073687e-02
    3.8126459776e-01     6.7500229589e-02
    3.8448564766e-01     6.7543273943e-02
    3.8771622901e-01     6.7583186266e-02
    3.9095592753e-01     6.7619930995e-02
    3.9420431457e-01     6.7653470152e-02
    3.9746094705e-01     6.7683767496e-02
    4.0072536743e-01     6.7710792966e-02
    4.0399710393e-01     6.7734521848e-02
    4.0727567934e-01     6.7754931397e-02
    4.1056062696e-01     6.7771998280e-02
    4.1385149274e-01     6.7785694138e-02
    4.1714783570e-01     6.7795991238e-02
    4.2044922839e-01     6.7802863758e-02
    4.2375525724e-01     6.7806289845e-02
    4.2706552300e-01     6.7806250839e-02
    4.3037964107e-01     6.7802729690e-02
    4.3369724187e-01     6.7795709401e-02
    4.3701797108e-01     6.7785170451e-02
    4.4034148998e-01     6.7771093997e-02
    4.4366747569e-01     6.7753462210e-02
    4.4699562127e-01     6.7732254345e-02
    4.5032563600e-01     6.7707447464e-02
    4.5365724557e-01     6.7679019555e-02
    4.5699019233e-01     6.7646951352e-02
    4.6032423535e-01     6.7611231678e-02
    4.6365915061e-01     6.7571851970e-02
    4.6699473103e-01     6.7528804181e-02
    4.7033078643e-01     6.7482071661e-02
    4.7366714342e-01     6.7431625496e-02
    4.7700364583e-01     6.7377436274e-02
    4.8034015472e-01     6.7319476107e-02
    4.8367654843e-01     6.7257728942e-02
    4.8701272265e-01     6.7192185519e-02
    4.9034859037e-01     6.7122836748e-02
    4.9368408175e-01     6.7049670286e-02
    4.9701914383e-01     6.6972660981e-02
    5.0035374081e-01     6.6891780372e-02
    5.0368785419e-01     6.6806999736e-02
    5.0702148268e-01     6.6718292620e-02
    5.1035464214e-01     6.6625637087e-02
    5.1368736563e-01     6.6529011158e-02
    5.1701970346e-01     6.6428392044e-02
    5.2035172285e-01     6.6323753320e-02
    5.2368350800e-01     6.6215064636e-02
    5.2701516026e-01     6.6102294471e-02
    5.3034679818e-01     6.5985410231e-02
    5.3367855732e-01     6.5864378889e-02
    5.3701059037e-01     6.5739166595e-02
    5.4034306727e-01     6.5609738006e-02
    5.4367617517e-01     6.5476054775e-02
    5.4701011781e-01     6.5338066574e-02
    5.5034511603e-01     6.5195716590e-02
    5.5368140819e-01     6.5048945921e-02
    5.5701925038e-01     6.4897696765e-02
    5.6035891690e-01     6.4741925901e-02
    5.6370070010e-01     6.4581593059e-02
    5.6704491040e-01     6.4416655385e-02
    5.7039187609e-01     6.4247061143e-02
    5.7374194236e-01     6.4072732188e-02
    5.7709547273e-01     6.3893581516e-02
    5.8045284972e-01     6.3709518631e-02
    5.8381447522e-01     6.3520454495e-02
    5.8718077109e-01     6.3326311554e-02
    5.9055217922e-01     6.3127011108e-02
    5.9392916188e-01     6.2922470253e-02
    5.9731220181e-01     6.2712598340e-02
    6.0070180221e-01     6.2497292181e-02
    6.0409848796e-01     6.2276442390e-02
    6.0750280633e-01     6.2049934151e-02
    6.1091532697e-01     6.1817642676e-02
    6.1433664207e-01     6.1579429190e-02
    6.1776736807e-01     6.1335147489e-02
    6.2120814657e-01     6.1084644533e-02
    6.2465964524e-01     6.0827766306e-02
    6.2812255877e-01     6.0564359935e-02
    6.3159760976e-01     6.0294265203e-02
    6.3508554969e-01     6.0017313039e-02
    6.3858715897e-01     5.9733316898e-02
    6.4210324816e-01     5.9442072427e-02
    6.4563466033e-01     5.9143364440e-02
    6.4918227241e-01     5.8836966001e-02
    6.5274699542e-01     5.8522632503e-02
    6.5632977665e-01     5.8200103169e-02
    6.5993160219e-01     5.7869103398e-02
    6.6355349844e-01     5.7529343111e-02
    6.6719653294e-01     5.7180512950e-02
    6.7086181757e-01     5.6822285653e-02
    6.7455051128e-01     5.6454315823e-02
    6.7826382144e-01     5.6076234677e-02
    6.8200300555e-01     5.5687645375e-02
    6.8576937592e-01     5.5288127668e-02
    6.8956430270e-01     5.4877236300e-02
    6.9338921501e-01     5.4454493069e-02
    6.9724560538e-01     5.4019387281e-02
    7.0113503500e-01     5.3571377409e-02
    7.0505913798e-01     5.3109897667e-02
    7.0901962596e-01     5.2634366227e-02
    7.1301829281e-01     5.2144166842e-02
    7.1705702068e-01     5.1638651785e-02
    7.2113779017e-01     5.1117183842e-02
    7.2526268373e-01     5.0579104597e-02
    7.2943389091e-01     5.0023715192e-02
    7.3365372257e-01     4.9450324203e-02
    7.3792461600e-01     4.8858236122e-02
    7.4224903475e-01     4.8246728813e-02
    7.4662932392e-01     4.7615185425e-02
    7.5106768356e-01     4.6963115781e-02
    7.5556613400e-01     4.6290060347e-02
    7.6012650870e-01     4.5595658234e-02
    7.6475043222e-01     4.4879660701e-02
    7.6943928335e-01     4.4141888945e-02
    7.7419418689e-01     4.3382326737e-02
    7.7901597764e-01     4.2601107178e-02
    7.8390515784e-01     4.1798474118e-02
    7.8886187217e-01     4.0974804846e-02
    7.9388586432e-01     4.0130612869e-02
    7.9897643476e-01     3.9266517126e-02
    8.0413240180e-01     3.8383235627e-02
    8.0935206477e-01     3.7481630133e-02
    8.1463316155e-01     3.6562662858e-02
    8.1997283501e-01     3.5627439197e-02
    8.2536758015e-01     3.4677099534e-02
    8.3081321587e-01     3.3712835001e-02
    8.3630487178e-01     3.2735964453e-02
    8.4183696572e-01     3.1747909128e-02
    8.4740319892e-01     3.0750229986e-02
    8.5299654952e-01     2.9744591084e-02
    8.5860928501e-01     2.8732774968e-02
    8.6423297132e-01     2.7716603067e-02
    8.6985852185e-01     2.6698005415e-02
    8.7547625157e-01     2.5679035218e-02
    8.8107593585e-01     2.4661827611e-02
    8.8664687196e-01     2.3648489066e-02
    8.9217799109e-01     2.2641184745e-02
    8.9765798194e-01     2.1642213896e-02
    9.0307538331e-01     2.0653849462e-02
    9.0841867939e-01     1.9678138712e-02
    9.1367647607e-01     1.8717109572e-02
    9.1883765626e-01     1.7772840416e-02
    9.2389148546e-01     1.6847256853e-02
    9.2882773271e-01     1.5942031210e-02
    9.3363682831e-01     1.5058724153e-02
    9.3830998354e-01     1.4198778450e-02
    9.4283928173e-01     1.3363436204e-02
    9.4721777004e-01     1.2553752251e-02
    9.5143954827e-01     1.1770699240e-02
    9.5549981124e-01     1.1015133060e-02
    9.5939485818e-01     1.0287700318e-02
    9.6312210769e-01     9.5888900739e-03
    9.6668009503e-01     8.9191052407e-03
    9.7006842738e-01     8.2786105072e-03
    9.7328772450e-01     7.6674971200e-03
    9.7633956189e-01     7.0857362414e-03
    9.7922640822e-01     6.5332672340e-03
    9.8195150769e-01     6.0098435859e-03
    9.8451877382e-01     5.5149719465e-03
    9.8693272210e-01     5.0480694807e-03
    9.8919838431e-01     4.6085296710e-03
    9.9132119134e-01     4.1956154046e-03
    9.9330688393e-01     3.8084778363e-03
    9.9516145273e-01     3.4462995458e-03
    9.9689102499e-01     3.1081311130e-03
    9.9850177215e-01     2.7927979206e-03
    1.0000000000e+00     2.4997000000e-03
    1.0000000000e+00     0.0000000000e-00
